           2          81          3
   1     -0.187500000000     -0.062500000000      0.125000000000  2
   1     -0.187500000000      0.062500000000      0.375000000000  2
   1     -0.062500000000     -0.187500000000      0.125000000000  2
   1      0.062500000000     -0.187500000000      0.375000000000  2
   1      0.000000000000     -0.125000000000      0.000000000000  1
   1     -0.125000000000      0.000000000000      0.000000000000  1
   1      0.062500000000     -0.062500000000      0.125000000000  2
   1     -0.062500000000      0.062500000000      0.125000000000  2
   1     -0.125000000000     -0.125000000000      0.250000000000  1
   1      0.000000000000      0.000000000000      0.250000000000  1
   1     -0.062500000000     -0.062500000000      0.375000000000  2
   1      0.062500000000      0.062500000000      0.375000000000  2
   1      0.000000000000      0.125000000000      0.000000000000  1
   1      0.062500000000      0.187500000000      0.125000000000  2
   1      0.125000000000      0.000000000000      0.000000000000  1
   1      0.187500000000      0.062500000000      0.125000000000  2
   1      0.125000000000     -0.125000000000      0.250000000000  1
   1      0.187500000000     -0.062500000000      0.375000000000  2
   1      0.125000000000      0.125000000000      0.250000000000  1
   1     -0.187500000000     -0.062500000000      0.625000000000  2
   1     -0.187500000000      0.062500000000      0.875000000000  2
   1     -0.062500000000     -0.187500000000      0.625000000000  2
   1      0.062500000000     -0.187500000000      0.875000000000  2
   1      0.000000000000     -0.125000000000      0.500000000000  1
   1     -0.125000000000      0.000000000000      0.500000000000  1
   1      0.062500000000     -0.062500000000      0.625000000000  2
   1     -0.062500000000      0.062500000000      0.625000000000  2
   1     -0.125000000000     -0.125000000000      0.750000000000  1
   1      0.000000000000      0.000000000000      0.750000000000  1
   1     -0.062500000000     -0.062500000000      0.875000000000  2
   1      0.062500000000      0.062500000000      0.875000000000  2
   1      0.000000000000      0.125000000000      0.500000000000  1
   1      0.062500000000      0.187500000000      0.625000000000  2
   1     -0.062500000000      0.187500000000      0.875000000000  2
   1      0.125000000000      0.000000000000      0.500000000000  1
   1      0.187500000000      0.062500000000      0.625000000000  2
   1      0.125000000000     -0.125000000000      0.750000000000  1
   1      0.187500000000     -0.062500000000      0.875000000000  2
   1      0.125000000000      0.125000000000      0.750000000000  1
   2     -0.226828517190     -0.023171482810      0.203657034379  3
   2     -0.226828517190     -0.101828517190      0.046342965621  3
   2     -0.226828517190      0.023171482810      0.296342965621  3
   2     -0.226828517190      0.101828517190      0.453657034379  3
   2     -0.148171482810      0.101828517190      0.296342965621  3
   2     -0.023171482810     -0.226828517190      0.203657034379  3
   2     -0.101828517190     -0.226828517190      0.046342965621  3
   2      0.023171482810     -0.226828517190      0.296342965621  3
   2      0.101828517190     -0.226828517190      0.453657034379  3
   2     -0.101828517190      0.101828517190      0.203657034379  3
   2     -0.164328517190     -0.164328517190      0.328657034379  3
   2      0.023171482810      0.226828517190      0.203657034379  3
   2      0.101828517190      0.226828517190      0.046342965621  3
   2      0.226828517190      0.023171482810      0.203657034379  3
   2      0.226828517190      0.101828517190      0.046342965621  3
   2      0.164328517190     -0.164328517190      0.171342965621  3
   2      0.226828517190     -0.023171482810      0.296342965621  3
   2      0.226828517190     -0.101828517190      0.453657034379  3
   2      0.164328517190      0.164328517190      0.328657034379  3
   2     -0.226828517190     -0.023171482810      0.703657034379  3
   2     -0.226828517190     -0.101828517190      0.546342965621  3
   2     -0.226828517190      0.101828517190      0.953657034379  3
   2     -0.226828517190      0.023171482810      0.796342965621  3
   2     -0.148171482810      0.101828517190      0.796342965621  3
   2     -0.023171482810     -0.226828517190      0.703657034379  3
   2     -0.101828517190     -0.226828517190      0.546342965621  3
   2      0.101828517190     -0.226828517190      0.953657034379  3
   2      0.023171482810     -0.226828517190      0.796342965621  3
   2     -0.101828517190      0.101828517190      0.703657034379  3
   2     -0.164328517190     -0.164328517190      0.828657034379  3
   2     -0.039328517190      0.164328517190      0.421342965621  3
   2      0.023171482810      0.226828517190      0.703657034379  3
   2      0.101828517190      0.226828517190      0.546342965621  3
   2     -0.101828517190      0.226828517190      0.953657034379  3
   2     -0.023171482810      0.226828517190      0.796342965621  3
   2     -0.101828517190      0.148171482810      0.796342965621  3
   2      0.226828517190      0.023171482810      0.703657034379  3
   2      0.226828517190      0.101828517190      0.546342965621  3
   2      0.164328517190     -0.164328517190      0.671342965621  3
   2      0.226828517190     -0.101828517190      0.953657034379  3
   2      0.226828517190     -0.023171482810      0.796342965621  3
   2      0.164328517190      0.164328517190      0.828657034379  3

   41.051956810000000     
   1.0000000000000000        0.0000000000000000        0.0000000000000000     
   0.0000000000000000        1.0000000000000000        0.0000000000000000     
   0.0000000000000000        0.0000000000000000       0.50000000000000000     
