            2           41         /
   1     -0.187500000000     -0.062500000000      0.250000000000  1 /
   1     -0.187500000000      0.062500000000      0.750000000000  1 /
   1     -0.062500000000     -0.187500000000      0.250000000000  1 /
   1      0.062500000000     -0.187500000000      0.750000000000  1 /
   1      0.000000000000     -0.125000000000      0.000000000000  1 /
   1     -0.125000000000      0.000000000000      0.000000000000  1 /
   1      0.062500000000     -0.062500000000      0.250000000000  1 /
   1     -0.062500000000      0.062500000000      0.250000000000  1 /
   1     -0.125000000000     -0.125000000000      0.500000000000  1 /
   1      0.000000000000      0.000000000000      0.500000000000  1 /
   1     -0.062500000000     -0.062500000000      0.750000000000  1 /
   1      0.062500000000      0.062500000000      0.750000000000  1 /
   1      0.000000000000      0.125000000000      0.000000000000  1 /
   1      0.062500000000      0.187500000000      0.250000000000  1 /
   1     -0.125000000000      0.125000000000      0.500000000000  1 /
   1     -0.062500000000      0.187500000000      0.750000000000  1 /
   1      0.125000000000      0.000000000000      0.000000000000  1 /
   1      0.187500000000      0.062500000000      0.250000000000  1 /
   1      0.125000000000     -0.125000000000      0.500000000000  1 /
   1      0.187500000000     -0.062500000000      0.750000000000  1 /
   1      0.125000000000      0.125000000000      0.500000000000  1 /
   2     -0.226828500000     -0.101828500000      0.092685990000  1 /
   2     -0.226828500000     -0.023171500000      0.407314010000  1 /
   2     -0.226828500000      0.023171500000      0.592685990000  1 /
   2     -0.226828500000      0.101828500000      0.907314010000  1 /
   2     -0.101828500000     -0.226828500000      0.092685990000  1 /
   2     -0.023171500000     -0.226828500000      0.407314010000  1 /
   2      0.023171500000     -0.226828500000      0.592685990000  1 /
   2      0.101828500000     -0.226828500000      0.907314010000  1 /
   2     -0.164328500000     -0.164328500000      0.657314010000  1 /
   2      0.023171500000      0.226828500000      0.407314010000  1 /
   2      0.101828500000      0.226828500000      0.092685990000  1 /
   2     -0.164328500000      0.164328500000      0.342685990000  1 /
   2     -0.023171500000      0.226828500000      0.592685990000  1 /
   2     -0.101828500000      0.226828500000      0.907314010000  1 /
   2      0.226828500000      0.023171500000      0.407314010000  1 /
   2      0.226828500000      0.101828500000      0.092685990000  1 /
   2      0.164328500000     -0.164328500000      0.342685990000  1 /
   2      0.226828500000     -0.023171500000      0.592685990000  1 /
   2      0.226828500000     -0.101828500000      0.907314010000  1 /
   2      0.164328500000      0.164328500000      0.657314010000  1 /
