2  48                           / MKI, MI
1 	0.0000000000 	0.0000000000 	0.0000000000 	1 
1 	0.3333333333 	0.6666666667 	0.0416666667 	1 
1 	0.6666666667 	0.3333333333 	0.0833333333 	1 
1 	0.0000000000 	0.0000000000 	0.1250000000 	1 
1 	0.3333333333 	0.6666666667 	0.1666666667 	1 
1 	0.6666666667 	0.3333333333 	0.2083333333 	1 
1 	0.0000000000 	0.0000000000 	0.2500000000 	1 
1 	0.3333333333 	0.6666666667 	0.2916666667 	1 
1 	0.6666666667 	0.3333333333 	0.3333333333 	1 
1 	0.0000000000 	0.0000000000 	0.3750000000 	1 
1 	0.3333333333 	0.6666666667 	0.4166666667 	1 
1 	0.6666666667 	0.3333333333 	0.4583333333 	1 
1 	0.0000000000 	0.0000000000 	0.5000000000 	1 
1 	0.3333333333 	0.6666666667 	0.5416666667 	1 
1 	0.0000000000 	0.0000000000 	0.5833333333 	1 
1 	0.3333333333 	0.6666666667 	0.6250000000 	1 
1 	0.0000000000 	0.0000000000 	0.6666666667 	1 
1 	0.3333333333 	0.6666666667 	0.7083333333 	1 
1 	0.0000000000 	0.0000000000 	0.7500000000 	1 
1 	0.3333333333 	0.6666666667 	0.7916666667 	1 
1 	0.0000000000 	0.0000000000 	0.8333333333 	1 
1 	0.3333333333 	0.6666666667 	0.8750000000 	1 
1 	0.0000000000 	0.0000000000 	0.9166666667 	1 
1 	0.3333333333 	0.6666666667 	0.9583333333 	1 
2 	0.0000000000 	0.0000000000 	0.0312500000 	1 
2 	0.3333333333 	0.6666666667 	0.0729166667 	1 
2 	0.6666666667 	0.3333333333 	0.1145833333 	1 
2 	0.0000000000 	0.0000000000 	0.1562500000 	1 
2 	0.3333333333 	0.6666666667 	0.1979166667 	1 
2 	0.6666666667 	0.3333333333 	0.2395833333 	1 
2 	0.0000000000 	0.0000000000 	0.2812500000 	1 
2 	0.3333333333 	0.6666666667 	0.3229166667 	1 
2 	0.6666666667 	0.3333333333 	0.3645833333 	1 
2 	0.0000000000 	0.0000000000 	0.4062500000 	1 
2 	0.3333333333 	0.6666666667 	0.4479166667 	1 
2 	0.6666666667 	0.3333333333 	0.4895833333 	1 
2 	0.0000000000 	0.0000000000 	0.5312500000 	1 
2 	0.3333333333 	0.6666666667 	0.5729166667 	1 
2 	0.0000000000 	0.0000000000 	0.6145833333 	1 
2 	0.3333333333 	0.6666666667 	0.6562500000 	1 
2 	0.0000000000 	0.0000000000 	0.6979166667 	1 
2 	0.3333333333 	0.6666666667 	0.7395833333 	1 
2 	0.0000000000 	0.0000000000 	0.7812500000 	1 
2 	0.3333333333 	0.6666666667 	0.8229166667 	1 
2 	0.0000000000 	0.0000000000 	0.8645833333 	1 
2 	0.3333333333 	0.6666666667 	0.9062500000 	1 
2 	0.0000000000 	0.0000000000 	0.9479166667 	1 
2 	0.3333333333 	0.6666666667 	0.9895833333 	1 
