           2          48     /     14           6
     1   0.000000000000000   0.000000000000000   0.000000000000000
     2   0.333333333333333   0.333333333333333   0.010422810599976
     1   0.333333333333333   0.333333333333333   0.041691242399905
     2   0.666666666666667   0.666666666666667   0.052114052999881
     1   0.666666666666667   0.666666666666667   0.083382484799810
     2   0.000000000000000   0.000000000000000   0.093805295399787
     1   0.000000000000000   0.000000000000000   0.125073727199715
     2   0.333333333333333   0.333333333333333   0.135496537799692
     1   0.333333333333333   0.333333333333333   0.166764969599621
     2   0.666666666666667   0.666666666666667   0.177187780199597
     1   0.666666666666667   0.666666666666667   0.208456211999526
     2   0.000000000000000   0.000000000000000   0.218879022599502
     1   0.000000000000000   0.000000000000000   0.250147454399431
     2   0.333333333333333   0.333333333333333   0.260570264999407
     1   0.333333333333333   0.333333333333333   0.291838696799336
     2   0.666666666666667   0.666666666666667   0.302261507399312
     1   0.666666666666667   0.666666666666667   0.333529939199241
     2   0.000000000000000   0.000000000000000   0.343952749799217
     1   0.000000000000000   0.000000000000000   0.375221181599146
     2   0.333333333333333   0.333333333333333   0.385643992199123
     1   0.333333333333333   0.333333333333333   0.416912423999052
     2   0.666666666666667   0.666666666666667   0.427335234599028
     1   0.666666666666667   0.666666666666667   0.458603666398957
     2   0.000000000000000   0.000000000000000   0.469026476998933
     1   0.000000000000000   0.000000000000000   0.500294908798862
     2   0.333333333333333   0.333333333333333   0.510705431532219
     1   0.333333333333333   0.333333333333333   0.541936999732290
     2   0.000000000000000   0.000000000000000   0.552347522465647
     1   0.000000000000000   0.000000000000000   0.583579090665718
     2   0.333333333333333   0.333333333333333   0.593989613399075
     1   0.333333333333333   0.333333333333333   0.625221181599146
     2   0.000000000000000   0.000000000000000   0.635631704332503
     1   0.000000000000000   0.000000000000000   0.666863272532574
     2   0.333333333333333   0.333333333333333   0.677273795265931
     1   0.333333333333333   0.333333333333333   0.708505363466003
     2   0.000000000000000   0.000000000000000   0.718915886199360
     1   0.000000000000000   0.000000000000000   0.750147454399431
     2   0.333333333333333   0.333333333333333   0.760557977132788
     1   0.333333333333333   0.333333333333333   0.791789545332859
     2   0.000000000000000   0.000000000000000   0.802200068066216
     1   0.000000000000000   0.000000000000000   0.833431636266287
     2   0.333333333333333   0.333333333333333   0.843842158999644
     1   0.333333333333333   0.333333333333333   0.875073727199715
     2   0.000000000000000   0.000000000000000   0.885484249933072
     1   0.000000000000000   0.000000000000000   0.916715818133144
     2   0.333333333333333   0.333333333333333   0.927126340866501
     1   0.333333333333333   0.333333333333333   0.958357909066572
     2   0.000000000000000   0.000000000000000   0.968768431799929
