Reciprocal lattice vectors
     -0.612336546845296     0.612336546845296     0.612336546845296
      0.612336546845296    -0.612336546845296     0.612336546845296
      0.612336546845296     0.612336546845296    -0.612336546845296
Number of division along a side            :  16
Number of k points in the irreducible wedge: 256
Number of k points in the whole BZ         : 512
Sampled k points
           k1  k2  k3              weight
      1     7   7   7     0.003906250000000
      2     7   7  -7     0.003906250000000
      3     7   7  -5     0.003906250000000
      4     7   7  -3     0.003906250000000
      5     7   7  -1     0.003906250000000
      6     7   7   1     0.003906250000000
      7     7   7   3     0.003906250000000
      8     7   7   5     0.003906250000000
      9     7  -7   7     0.003906250000000
     10     7  -7  -7     0.003906250000000
     11     7  -7  -5     0.003906250000000
     12     7  -7  -3     0.003906250000000
     13     7  -7  -1     0.003906250000000
     14     7  -7   1     0.003906250000000
     15     7  -7   3     0.003906250000000
     16     7  -7   5     0.003906250000000
     17     7  -5   7     0.003906250000000
     18     7  -5  -7     0.003906250000000
     19     7  -5  -5     0.003906250000000
     20     7  -5  -3     0.003906250000000
     21     7  -5  -1     0.003906250000000
     22     7  -5   1     0.003906250000000
     23     7  -5   3     0.003906250000000
     24     7  -5   5     0.003906250000000
     25     7  -3   7     0.003906250000000
     26     7  -3  -7     0.003906250000000
     27     7  -3  -5     0.003906250000000
     28     7  -3  -3     0.003906250000000
     29     7  -3  -1     0.003906250000000
     30     7  -3   1     0.003906250000000
     31     7  -3   3     0.003906250000000
     32     7  -3   5     0.003906250000000
     33     7  -1   7     0.003906250000000
     34     7  -1  -7     0.003906250000000
     35     7  -1  -5     0.003906250000000
     36     7  -1  -3     0.003906250000000
     37     7  -1  -1     0.003906250000000
     38     7  -1   1     0.003906250000000
     39     7  -1   3     0.003906250000000
     40     7  -1   5     0.003906250000000
     41     7   1   7     0.003906250000000
     42     7   1  -7     0.003906250000000
     43     7   1  -5     0.003906250000000
     44     7   1  -3     0.003906250000000
     45     7   1  -1     0.003906250000000
     46     7   1   1     0.003906250000000
     47     7   1   3     0.003906250000000
     48     7   1   5     0.003906250000000
     49     7   3   7     0.003906250000000
     50     7   3  -7     0.003906250000000
     51     7   3  -5     0.003906250000000
     52     7   3  -3     0.003906250000000
     53     7   3  -1     0.003906250000000
     54     7   3   1     0.003906250000000
     55     7   3   3     0.003906250000000
     56     7   3   5     0.003906250000000
     57     7   5   7     0.003906250000000
     58     7   5  -7     0.003906250000000
     59     7   5  -5     0.003906250000000
     60     7   5  -3     0.003906250000000
     61     7   5  -1     0.003906250000000
     62     7   5   1     0.003906250000000
     63     7   5   3     0.003906250000000
     64     7   5   5     0.003906250000000
     65    -5   7   7     0.003906250000000
     66    -5   7  -7     0.003906250000000
     67    -5   7  -5     0.003906250000000
     68    -5   7  -3     0.003906250000000
     69    -5   7  -1     0.003906250000000
     70    -5   7   1     0.003906250000000
     71    -5   7   3     0.003906250000000
     72    -5   7   5     0.003906250000000
     73    -5  -7   7     0.003906250000000
     74    -5  -7  -7     0.003906250000000
     75    -5  -7  -5     0.003906250000000
     76    -5  -7  -3     0.003906250000000
     77    -5  -7  -1     0.003906250000000
     78    -5  -7   1     0.003906250000000
     79    -5  -7   3     0.003906250000000
     80    -5  -7   5     0.003906250000000
     81    -5  -5   7     0.003906250000000
     82    -5  -5  -7     0.003906250000000
     83    -5  -5  -5     0.003906250000000
     84    -5  -5  -3     0.003906250000000
     85    -5  -5  -1     0.003906250000000
     86    -5  -5   1     0.003906250000000
     87    -5  -5   3     0.003906250000000
     88    -5  -5   5     0.003906250000000
     89    -5  -3   7     0.003906250000000
     90    -5  -3  -7     0.003906250000000
     91    -5  -3  -5     0.003906250000000
     92    -5  -3  -3     0.003906250000000
     93    -5  -3  -1     0.003906250000000
     94    -5  -3   1     0.003906250000000
     95    -5  -3   3     0.003906250000000
     96    -5  -3   5     0.003906250000000
     97    -5  -1   7     0.003906250000000
     98    -5  -1  -7     0.003906250000000
     99    -5  -1  -5     0.003906250000000
    100    -5  -1  -3     0.003906250000000
    101    -5  -1  -1     0.003906250000000
    102    -5  -1   1     0.003906250000000
    103    -5  -1   3     0.003906250000000
    104    -5  -1   5     0.003906250000000
    105    -5   1   7     0.003906250000000
    106    -5   1  -7     0.003906250000000
    107    -5   1  -5     0.003906250000000
    108    -5   1  -3     0.003906250000000
    109    -5   1  -1     0.003906250000000
    110    -5   1   1     0.003906250000000
    111    -5   1   3     0.003906250000000
    112    -5   1   5     0.003906250000000
    113    -5   3   7     0.003906250000000
    114    -5   3  -7     0.003906250000000
    115    -5   3  -5     0.003906250000000
    116    -5   3  -3     0.003906250000000
    117    -5   3  -1     0.003906250000000
    118    -5   3   1     0.003906250000000
    119    -5   3   3     0.003906250000000
    120    -5   3   5     0.003906250000000
    121    -5   5   7     0.003906250000000
    122    -5   5  -7     0.003906250000000
    123    -5   5  -5     0.003906250000000
    124    -5   5  -3     0.003906250000000
    125    -5   5  -1     0.003906250000000
    126    -5   5   1     0.003906250000000
    127    -5   5   3     0.003906250000000
    128    -5   5   5     0.003906250000000
    129    -3   7   7     0.003906250000000
    130    -3   7  -7     0.003906250000000
    131    -3   7  -5     0.003906250000000
    132    -3   7  -3     0.003906250000000
    133    -3   7  -1     0.003906250000000
    134    -3   7   1     0.003906250000000
    135    -3   7   3     0.003906250000000
    136    -3   7   5     0.003906250000000
    137    -3  -7   7     0.003906250000000
    138    -3  -7  -7     0.003906250000000
    139    -3  -7  -5     0.003906250000000
    140    -3  -7  -3     0.003906250000000
    141    -3  -7  -1     0.003906250000000
    142    -3  -7   1     0.003906250000000
    143    -3  -7   3     0.003906250000000
    144    -3  -7   5     0.003906250000000
    145    -3  -5   7     0.003906250000000
    146    -3  -5  -7     0.003906250000000
    147    -3  -5  -5     0.003906250000000
    148    -3  -5  -3     0.003906250000000
    149    -3  -5  -1     0.003906250000000
    150    -3  -5   1     0.003906250000000
    151    -3  -5   3     0.003906250000000
    152    -3  -5   5     0.003906250000000
    153    -3  -3   7     0.003906250000000
    154    -3  -3  -7     0.003906250000000
    155    -3  -3  -5     0.003906250000000
    156    -3  -3  -3     0.003906250000000
    157    -3  -3  -1     0.003906250000000
    158    -3  -3   1     0.003906250000000
    159    -3  -3   3     0.003906250000000
    160    -3  -3   5     0.003906250000000
    161    -3  -1   7     0.003906250000000
    162    -3  -1  -7     0.003906250000000
    163    -3  -1  -5     0.003906250000000
    164    -3  -1  -3     0.003906250000000
    165    -3  -1  -1     0.003906250000000
    166    -3  -1   1     0.003906250000000
    167    -3  -1   3     0.003906250000000
    168    -3  -1   5     0.003906250000000
    169    -3   1   7     0.003906250000000
    170    -3   1  -7     0.003906250000000
    171    -3   1  -5     0.003906250000000
    172    -3   1  -3     0.003906250000000
    173    -3   1  -1     0.003906250000000
    174    -3   1   1     0.003906250000000
    175    -3   1   3     0.003906250000000
    176    -3   1   5     0.003906250000000
    177    -3   3   7     0.003906250000000
    178    -3   3  -7     0.003906250000000
    179    -3   3  -5     0.003906250000000
    180    -3   3  -3     0.003906250000000
    181    -3   3  -1     0.003906250000000
    182    -3   3   1     0.003906250000000
    183    -3   3   3     0.003906250000000
    184    -3   3   5     0.003906250000000
    185    -3   5   7     0.003906250000000
    186    -3   5  -7     0.003906250000000
    187    -3   5  -5     0.003906250000000
    188    -3   5  -3     0.003906250000000
    189    -3   5  -1     0.003906250000000
    190    -3   5   1     0.003906250000000
    191    -3   5   3     0.003906250000000
    192    -3   5   5     0.003906250000000
    193    -1   7   7     0.003906250000000
    194    -1   7  -7     0.003906250000000
    195    -1   7  -5     0.003906250000000
    196    -1   7  -3     0.003906250000000
    197    -1   7  -1     0.003906250000000
    198    -1   7   1     0.003906250000000
    199    -1   7   3     0.003906250000000
    200    -1   7   5     0.003906250000000
    201    -1  -7   7     0.003906250000000
    202    -1  -7  -7     0.003906250000000
    203    -1  -7  -5     0.003906250000000
    204    -1  -7  -3     0.003906250000000
    205    -1  -7  -1     0.003906250000000
    206    -1  -7   1     0.003906250000000
    207    -1  -7   3     0.003906250000000
    208    -1  -7   5     0.003906250000000
    209    -1  -5   7     0.003906250000000
    210    -1  -5  -7     0.003906250000000
    211    -1  -5  -5     0.003906250000000
    212    -1  -5  -3     0.003906250000000
    213    -1  -5  -1     0.003906250000000
    214    -1  -5   1     0.003906250000000
    215    -1  -5   3     0.003906250000000
    216    -1  -5   5     0.003906250000000
    217    -1  -3   7     0.003906250000000
    218    -1  -3  -7     0.003906250000000
    219    -1  -3  -5     0.003906250000000
    220    -1  -3  -3     0.003906250000000
    221    -1  -3  -1     0.003906250000000
    222    -1  -3   1     0.003906250000000
    223    -1  -3   3     0.003906250000000
    224    -1  -3   5     0.003906250000000
    225    -1  -1   7     0.003906250000000
    226    -1  -1  -7     0.003906250000000
    227    -1  -1  -5     0.003906250000000
    228    -1  -1  -3     0.003906250000000
    229    -1  -1  -1     0.003906250000000
    230    -1  -1   1     0.003906250000000
    231    -1  -1   3     0.003906250000000
    232    -1  -1   5     0.003906250000000
    233    -1   1   7     0.003906250000000
    234    -1   1  -7     0.003906250000000
    235    -1   1  -5     0.003906250000000
    236    -1   1  -3     0.003906250000000
    237    -1   1  -1     0.003906250000000
    238    -1   1   1     0.003906250000000
    239    -1   1   3     0.003906250000000
    240    -1   1   5     0.003906250000000
    241    -1   3   7     0.003906250000000
    242    -1   3  -7     0.003906250000000
    243    -1   3  -5     0.003906250000000
    244    -1   3  -3     0.003906250000000
    245    -1   3  -1     0.003906250000000
    246    -1   3   1     0.003906250000000
    247    -1   3   3     0.003906250000000
    248    -1   3   5     0.003906250000000
    249    -1   5   7     0.003906250000000
    250    -1   5  -7     0.003906250000000
    251    -1   5  -5     0.003906250000000
    252    -1   5  -3     0.003906250000000
    253    -1   5  -1     0.003906250000000
    254    -1   5   1     0.003906250000000
    255    -1   5   3     0.003906250000000
    256    -1   5   5     0.003906250000000
grid index range (k1):  -7   7
grid index range (k2):  -7   7
grid index range (k3):  -7   7
k points in the whole BZ
      1    -7  -7  -7     1
      2    -5  -7  -7    74
      3    -3  -7  -7   138
      4    -1  -7  -7   202
      5     1  -7  -7   193
      6     3  -7  -7   129
      7     5  -7  -7    65
      8     7  -7  -7    10
      9    -7  -5  -7    57
     10    -5  -5  -7    82
     11    -3  -5  -7   146
     12    -1  -5  -7   210
     13     1  -5  -7   249
     14     3  -5  -7   185
     15     5  -5  -7   121
     16     7  -5  -7    18
     17    -7  -3  -7    49
     18    -5  -3  -7    90
     19    -3  -3  -7   154
     20    -1  -3  -7   218
     21     1  -3  -7   241
     22     3  -3  -7   177
     23     5  -3  -7   113
     24     7  -3  -7    26
     25    -7  -1  -7    41
     26    -5  -1  -7    98
     27    -3  -1  -7   162
     28    -1  -1  -7   226
     29     1  -1  -7   233
     30     3  -1  -7   169
     31     5  -1  -7   105
     32     7  -1  -7    34
     33    -7   1  -7    33
     34    -5   1  -7   106
     35    -3   1  -7   170
     36    -1   1  -7   234
     37     1   1  -7   225
     38     3   1  -7   161
     39     5   1  -7    97
     40     7   1  -7    42
     41    -7   3  -7    25
     42    -5   3  -7   114
     43    -3   3  -7   178
     44    -1   3  -7   242
     45     1   3  -7   217
     46     3   3  -7   153
     47     5   3  -7    89
     48     7   3  -7    50
     49    -7   5  -7    17
     50    -5   5  -7   122
     51    -3   5  -7   186
     52    -1   5  -7   250
     53     1   5  -7   209
     54     3   5  -7   145
     55     5   5  -7    81
     56     7   5  -7    58
     57    -7   7  -7     9
     58    -5   7  -7    66
     59    -3   7  -7   130
     60    -1   7  -7   194
     61     1   7  -7   201
     62     3   7  -7   137
     63     5   7  -7    73
     64     7   7  -7     2
     65    -7  -7  -5     8
     66    -5  -7  -5    75
     67    -3  -7  -5   139
     68    -1  -7  -5   203
     69     1  -7  -5   200
     70     3  -7  -5   136
     71     5  -7  -5    72
     72     7  -7  -5    11
     73    -7  -5  -5    64
     74    -5  -5  -5    83
     75    -3  -5  -5   147
     76    -1  -5  -5   211
     77     1  -5  -5   256
     78     3  -5  -5   192
     79     5  -5  -5   128
     80     7  -5  -5    19
     81    -7  -3  -5    56
     82    -5  -3  -5    91
     83    -3  -3  -5   155
     84    -1  -3  -5   219
     85     1  -3  -5   248
     86     3  -3  -5   184
     87     5  -3  -5   120
     88     7  -3  -5    27
     89    -7  -1  -5    48
     90    -5  -1  -5    99
     91    -3  -1  -5   163
     92    -1  -1  -5   227
     93     1  -1  -5   240
     94     3  -1  -5   176
     95     5  -1  -5   112
     96     7  -1  -5    35
     97    -7   1  -5    40
     98    -5   1  -5   107
     99    -3   1  -5   171
    100    -1   1  -5   235
    101     1   1  -5   232
    102     3   1  -5   168
    103     5   1  -5   104
    104     7   1  -5    43
    105    -7   3  -5    32
    106    -5   3  -5   115
    107    -3   3  -5   179
    108    -1   3  -5   243
    109     1   3  -5   224
    110     3   3  -5   160
    111     5   3  -5    96
    112     7   3  -5    51
    113    -7   5  -5    24
    114    -5   5  -5   123
    115    -3   5  -5   187
    116    -1   5  -5   251
    117     1   5  -5   216
    118     3   5  -5   152
    119     5   5  -5    88
    120     7   5  -5    59
    121    -7   7  -5    16
    122    -5   7  -5    67
    123    -3   7  -5   131
    124    -1   7  -5   195
    125     1   7  -5   208
    126     3   7  -5   144
    127     5   7  -5    80
    128     7   7  -5     3
    129    -7  -7  -3     7
    130    -5  -7  -3    76
    131    -3  -7  -3   140
    132    -1  -7  -3   204
    133     1  -7  -3   199
    134     3  -7  -3   135
    135     5  -7  -3    71
    136     7  -7  -3    12
    137    -7  -5  -3    63
    138    -5  -5  -3    84
    139    -3  -5  -3   148
    140    -1  -5  -3   212
    141     1  -5  -3   255
    142     3  -5  -3   191
    143     5  -5  -3   127
    144     7  -5  -3    20
    145    -7  -3  -3    55
    146    -5  -3  -3    92
    147    -3  -3  -3   156
    148    -1  -3  -3   220
    149     1  -3  -3   247
    150     3  -3  -3   183
    151     5  -3  -3   119
    152     7  -3  -3    28
    153    -7  -1  -3    47
    154    -5  -1  -3   100
    155    -3  -1  -3   164
    156    -1  -1  -3   228
    157     1  -1  -3   239
    158     3  -1  -3   175
    159     5  -1  -3   111
    160     7  -1  -3    36
    161    -7   1  -3    39
    162    -5   1  -3   108
    163    -3   1  -3   172
    164    -1   1  -3   236
    165     1   1  -3   231
    166     3   1  -3   167
    167     5   1  -3   103
    168     7   1  -3    44
    169    -7   3  -3    31
    170    -5   3  -3   116
    171    -3   3  -3   180
    172    -1   3  -3   244
    173     1   3  -3   223
    174     3   3  -3   159
    175     5   3  -3    95
    176     7   3  -3    52
    177    -7   5  -3    23
    178    -5   5  -3   124
    179    -3   5  -3   188
    180    -1   5  -3   252
    181     1   5  -3   215
    182     3   5  -3   151
    183     5   5  -3    87
    184     7   5  -3    60
    185    -7   7  -3    15
    186    -5   7  -3    68
    187    -3   7  -3   132
    188    -1   7  -3   196
    189     1   7  -3   207
    190     3   7  -3   143
    191     5   7  -3    79
    192     7   7  -3     4
    193    -7  -7  -1     6
    194    -5  -7  -1    77
    195    -3  -7  -1   141
    196    -1  -7  -1   205
    197     1  -7  -1   198
    198     3  -7  -1   134
    199     5  -7  -1    70
    200     7  -7  -1    13
    201    -7  -5  -1    62
    202    -5  -5  -1    85
    203    -3  -5  -1   149
    204    -1  -5  -1   213
    205     1  -5  -1   254
    206     3  -5  -1   190
    207     5  -5  -1   126
    208     7  -5  -1    21
    209    -7  -3  -1    54
    210    -5  -3  -1    93
    211    -3  -3  -1   157
    212    -1  -3  -1   221
    213     1  -3  -1   246
    214     3  -3  -1   182
    215     5  -3  -1   118
    216     7  -3  -1    29
    217    -7  -1  -1    46
    218    -5  -1  -1   101
    219    -3  -1  -1   165
    220    -1  -1  -1   229
    221     1  -1  -1   238
    222     3  -1  -1   174
    223     5  -1  -1   110
    224     7  -1  -1    37
    225    -7   1  -1    38
    226    -5   1  -1   109
    227    -3   1  -1   173
    228    -1   1  -1   237
    229     1   1  -1   230
    230     3   1  -1   166
    231     5   1  -1   102
    232     7   1  -1    45
    233    -7   3  -1    30
    234    -5   3  -1   117
    235    -3   3  -1   181
    236    -1   3  -1   245
    237     1   3  -1   222
    238     3   3  -1   158
    239     5   3  -1    94
    240     7   3  -1    53
    241    -7   5  -1    22
    242    -5   5  -1   125
    243    -3   5  -1   189
    244    -1   5  -1   253
    245     1   5  -1   214
    246     3   5  -1   150
    247     5   5  -1    86
    248     7   5  -1    61
    249    -7   7  -1    14
    250    -5   7  -1    69
    251    -3   7  -1   133
    252    -1   7  -1   197
    253     1   7  -1   206
    254     3   7  -1   142
    255     5   7  -1    78
    256     7   7  -1     5
    257    -7  -7   1     5
    258    -5  -7   1    78
    259    -3  -7   1   142
    260    -1  -7   1   206
    261     1  -7   1   197
    262     3  -7   1   133
    263     5  -7   1    69
    264     7  -7   1    14
    265    -7  -5   1    61
    266    -5  -5   1    86
    267    -3  -5   1   150
    268    -1  -5   1   214
    269     1  -5   1   253
    270     3  -5   1   189
    271     5  -5   1   125
    272     7  -5   1    22
    273    -7  -3   1    53
    274    -5  -3   1    94
    275    -3  -3   1   158
    276    -1  -3   1   222
    277     1  -3   1   245
    278     3  -3   1   181
    279     5  -3   1   117
    280     7  -3   1    30
    281    -7  -1   1    45
    282    -5  -1   1   102
    283    -3  -1   1   166
    284    -1  -1   1   230
    285     1  -1   1   237
    286     3  -1   1   173
    287     5  -1   1   109
    288     7  -1   1    38
    289    -7   1   1    37
    290    -5   1   1   110
    291    -3   1   1   174
    292    -1   1   1   238
    293     1   1   1   229
    294     3   1   1   165
    295     5   1   1   101
    296     7   1   1    46
    297    -7   3   1    29
    298    -5   3   1   118
    299    -3   3   1   182
    300    -1   3   1   246
    301     1   3   1   221
    302     3   3   1   157
    303     5   3   1    93
    304     7   3   1    54
    305    -7   5   1    21
    306    -5   5   1   126
    307    -3   5   1   190
    308    -1   5   1   254
    309     1   5   1   213
    310     3   5   1   149
    311     5   5   1    85
    312     7   5   1    62
    313    -7   7   1    13
    314    -5   7   1    70
    315    -3   7   1   134
    316    -1   7   1   198
    317     1   7   1   205
    318     3   7   1   141
    319     5   7   1    77
    320     7   7   1     6
    321    -7  -7   3     4
    322    -5  -7   3    79
    323    -3  -7   3   143
    324    -1  -7   3   207
    325     1  -7   3   196
    326     3  -7   3   132
    327     5  -7   3    68
    328     7  -7   3    15
    329    -7  -5   3    60
    330    -5  -5   3    87
    331    -3  -5   3   151
    332    -1  -5   3   215
    333     1  -5   3   252
    334     3  -5   3   188
    335     5  -5   3   124
    336     7  -5   3    23
    337    -7  -3   3    52
    338    -5  -3   3    95
    339    -3  -3   3   159
    340    -1  -3   3   223
    341     1  -3   3   244
    342     3  -3   3   180
    343     5  -3   3   116
    344     7  -3   3    31
    345    -7  -1   3    44
    346    -5  -1   3   103
    347    -3  -1   3   167
    348    -1  -1   3   231
    349     1  -1   3   236
    350     3  -1   3   172
    351     5  -1   3   108
    352     7  -1   3    39
    353    -7   1   3    36
    354    -5   1   3   111
    355    -3   1   3   175
    356    -1   1   3   239
    357     1   1   3   228
    358     3   1   3   164
    359     5   1   3   100
    360     7   1   3    47
    361    -7   3   3    28
    362    -5   3   3   119
    363    -3   3   3   183
    364    -1   3   3   247
    365     1   3   3   220
    366     3   3   3   156
    367     5   3   3    92
    368     7   3   3    55
    369    -7   5   3    20
    370    -5   5   3   127
    371    -3   5   3   191
    372    -1   5   3   255
    373     1   5   3   212
    374     3   5   3   148
    375     5   5   3    84
    376     7   5   3    63
    377    -7   7   3    12
    378    -5   7   3    71
    379    -3   7   3   135
    380    -1   7   3   199
    381     1   7   3   204
    382     3   7   3   140
    383     5   7   3    76
    384     7   7   3     7
    385    -7  -7   5     3
    386    -5  -7   5    80
    387    -3  -7   5   144
    388    -1  -7   5   208
    389     1  -7   5   195
    390     3  -7   5   131
    391     5  -7   5    67
    392     7  -7   5    16
    393    -7  -5   5    59
    394    -5  -5   5    88
    395    -3  -5   5   152
    396    -1  -5   5   216
    397     1  -5   5   251
    398     3  -5   5   187
    399     5  -5   5   123
    400     7  -5   5    24
    401    -7  -3   5    51
    402    -5  -3   5    96
    403    -3  -3   5   160
    404    -1  -3   5   224
    405     1  -3   5   243
    406     3  -3   5   179
    407     5  -3   5   115
    408     7  -3   5    32
    409    -7  -1   5    43
    410    -5  -1   5   104
    411    -3  -1   5   168
    412    -1  -1   5   232
    413     1  -1   5   235
    414     3  -1   5   171
    415     5  -1   5   107
    416     7  -1   5    40
    417    -7   1   5    35
    418    -5   1   5   112
    419    -3   1   5   176
    420    -1   1   5   240
    421     1   1   5   227
    422     3   1   5   163
    423     5   1   5    99
    424     7   1   5    48
    425    -7   3   5    27
    426    -5   3   5   120
    427    -3   3   5   184
    428    -1   3   5   248
    429     1   3   5   219
    430     3   3   5   155
    431     5   3   5    91
    432     7   3   5    56
    433    -7   5   5    19
    434    -5   5   5   128
    435    -3   5   5   192
    436    -1   5   5   256
    437     1   5   5   211
    438     3   5   5   147
    439     5   5   5    83
    440     7   5   5    64
    441    -7   7   5    11
    442    -5   7   5    72
    443    -3   7   5   136
    444    -1   7   5   200
    445     1   7   5   203
    446     3   7   5   139
    447     5   7   5    75
    448     7   7   5     8
    449    -7  -7   7     2
    450    -5  -7   7    73
    451    -3  -7   7   137
    452    -1  -7   7   201
    453     1  -7   7   194
    454     3  -7   7   130
    455     5  -7   7    66
    456     7  -7   7     9
    457    -7  -5   7    58
    458    -5  -5   7    81
    459    -3  -5   7   145
    460    -1  -5   7   209
    461     1  -5   7   250
    462     3  -5   7   186
    463     5  -5   7   122
    464     7  -5   7    17
    465    -7  -3   7    50
    466    -5  -3   7    89
    467    -3  -3   7   153
    468    -1  -3   7   217
    469     1  -3   7   242
    470     3  -3   7   178
    471     5  -3   7   114
    472     7  -3   7    25
    473    -7  -1   7    42
    474    -5  -1   7    97
    475    -3  -1   7   161
    476    -1  -1   7   225
    477     1  -1   7   234
    478     3  -1   7   170
    479     5  -1   7   106
    480     7  -1   7    33
    481    -7   1   7    34
    482    -5   1   7   105
    483    -3   1   7   169
    484    -1   1   7   233
    485     1   1   7   226
    486     3   1   7   162
    487     5   1   7    98
    488     7   1   7    41
    489    -7   3   7    26
    490    -5   3   7   113
    491    -3   3   7   177
    492    -1   3   7   241
    493     1   3   7   218
    494     3   3   7   154
    495     5   3   7    90
    496     7   3   7    49
    497    -7   5   7    18
    498    -5   5   7   121
    499    -3   5   7   185
    500    -1   5   7   249
    501     1   5   7   210
    502     3   5   7   146
    503     5   5   7    82
    504     7   5   7    57
    505    -7   7   7    10
    506    -5   7   7    65
    507    -3   7   7   129
    508    -1   7   7   193
    509     1   7   7   202
    510     3   7   7   138
    511     5   7   7    74
    512     7   7   7     1
