 -0.217464798684208       0.988722789206190     
 -0.216832328301378        1.19009414102298     
 -0.216199857918549        1.37183184416148     
 -0.215567387535719        1.53393589862167     
 -0.214934917152890        1.67640630440356     
 -0.214302446770060        1.73965023603309     
 -0.213669976387231        1.81472988711962     
 -0.213037506004401        1.89487114419961     
 -0.212405035621572        1.98007400727305     
 -0.211772565238742        2.07033847633994     
 -0.211140094855913        2.16566455140030     
 -0.210507624473083        2.26605223245411     
 -0.209875154090254        2.37148332965559     
 -0.209242683707424        2.47142870781835     
 -0.208610213324594        2.56212612619392     
 -0.207977742941765        2.64380055904778     
 -0.207345272558935        2.71645200637993     
 -0.206712802176106        2.78008046819038     
 -0.206080331793276        2.83468594447912     
 -0.205447861410447        2.88026843524615     
 -0.204815391027617        2.91521342988502     
 -0.204182920644788        2.98452925587207     
 -0.203550450261958        3.05704555373506     
 -0.202917979879129        3.13082528389974     
 -0.202285509496299        3.20586844636611     
 -0.201653039113469        3.28217504113418     
 -0.201020568730640        3.35974506820394     
 -0.200388098347810        3.43857852757540     
 -0.199755627964981        3.49370614776688     
 -0.199123157582151        3.54080126391105     
 -0.198490687199322        3.58889582045166     
 -0.197858216816492        3.63826402073359     
 -0.197225746433663        3.68890586475684     
 -0.196593276050833        3.74082135252139     
 -0.195960805668004        3.79401048402727     
 -0.195328335285174        3.84847325927445     
 -0.194695864902344        3.90455858794623     
 -0.194063394519515        3.96037420655118     
 -0.193430924136685        4.01694435601700     
 -0.192798453753856        4.07438217927580     
 -0.192165983371026        4.13268767632761     
 -0.191533512988197        4.19186084717243     
 -0.190901042605367        4.25190169181024     
 -0.190268572222538        4.31281021024105     
 -0.189636101839708        4.36891186255451     
 -0.189003631456879        4.42101533261406     
 -0.188371161074049        4.47102404694930     
 -0.187738690691219        4.51900281305012     
 -0.187106220308390        4.56495163091649     
 -0.186473749925560        4.60887050054844     
 -0.185841279542731        4.65075942194596     
 -0.185208809159901        4.67076408042713     
 -0.184576338777072        4.70754701526956     
 -0.183943868394242        4.76070932152366     
 -0.183311398011413        4.81440453253849     
 -0.182678927628583        4.86871737217580     
 -0.182046457245754        4.92364784043559     
 -0.181413986862924        4.97919593731787     
 -0.180781516480095        5.03536166282264     
 -0.180149046097265        5.09192357974402     
 -0.179516575714435        5.14549152876239     
 -0.178884105331606        5.19755325241921     
 -0.178251634948776        5.25080131033060     
 -0.177619164565947        5.30525328777662     
 -0.176986694183117        5.36090918475723     
 -0.176354223800288        5.41793001368524     
 -0.175721753417458        5.47126244848946     
 -0.175089283034629        5.49211876875036     
 -0.174456812651799        5.53392494392537     
 -0.173824342268970        5.57552228029706     
 -0.173191871886140        5.61911652937787     
 -0.172559401503310        5.66471241183375     
 -0.171926931120481        5.71230992766468     
 -0.171294460737651        5.76242335209154     
 -0.170661990354822        5.81212071189640     
 -0.170029519971992        5.85799969202755     
 -0.169397049589163        5.90212533480822     
 -0.168764579206333        5.94652522479471     
 -0.168132108823504        5.99210458007639     
 -0.167499638440674        6.03918303444141     
 -0.166867168057845        6.08789285026891     
 -0.166234697675015        6.13823405658871     
 -0.165602227292185        6.19016432867153     
 -0.164969756909356        6.24705637528625     
 -0.164337286526526        6.30843190812368     
 -0.163704816143697        6.37041485262114     
 -0.163072345760867        6.43339572757880     
 -0.162439875378038        6.48965022468554     
 -0.161807404995208        6.53887687672803     
 -0.161174934612379        6.58717820318913     
 -0.160542464229549        6.62377966621868     
 -0.159909993846720        6.66553263125684     
 -0.159277523463890        6.71788152242251     
 -0.158645053081060        6.77873660664571     
 -0.158012582698231        6.84351910129721     
 -0.157380112315401        6.86553204635514     
 -0.156747641932572        6.89743478999067     
 -0.156115171549742        6.94282231996513     
 -0.155482701166913        7.00487393533005     
 -0.154850230784083        7.07757787237637     
 -0.154217760401254        7.15380191489733     
 -0.153585290018424        7.23310079455015     
 -0.152952819635595        7.31780732230001     
 -0.152320349252765        7.38961495225817     
 -0.151687878869936        7.43366820300481     
 -0.151055408487106        7.45289855038455     
 -0.150422938104276        7.49626843101730     
 -0.149790467721447        7.58538178060168     
 -0.149157997338617        7.67926691005543     
 -0.148525526955788        7.77264568430996     
 -0.147893056572958        7.86552726888467     
 -0.147260586190129        7.95850278353644     
 -0.146628115807299        8.05629392113317     
 -0.145995645424470        8.16068448666592     
 -0.145363175041640        8.26824926202780     
 -0.144730704658811        8.36930792117257     
 -0.144098234275981        8.45301711976091     
 -0.143465763893151        8.50195664114239     
 -0.142833293510322        8.54233906324792     
 -0.142200823127492        8.61418280204640     
 -0.141568352744663        8.69921669632970     
 -0.140935882361833        8.85129655988392     
 -0.140303411979004        9.03182976978466     
 -0.139670941596174        9.19805797763562     
 -0.139038471213345        9.34428023603525     
 -0.138406000830515        9.47018039976639     
 -0.137773530447686        9.60932568503145     
 -0.137141060064856        9.84269229737386     
 -0.136508589682027        10.1734359040563     
 -0.135876119299197        10.4756721810768     
 -0.135243648916367        10.6987010455744     
 -0.134611178533538        10.8417156190456     
 -0.133978708150708        10.9090618843060     
 -0.133346237767879        10.9028275588545     
 -0.132713767385049        11.9883646661413     
 -0.132081297002220        11.9018074280242     
 -0.131448826619390        11.8224642771406     
 -0.130816356236561        11.7443751770610     
 -0.130183885853731        11.6721661752013     
 -0.129551415470902        11.6115031037951     
 -0.128918945088072        11.5500099079805     
 -0.128286474705242        11.4565298112935     
 -0.127654004322413        11.4679194371721     
 -0.127021533939583        11.4509311172938     
 -0.126389063556754        11.3903048729983     
 -0.125756593173924        11.3137007035259     
 -0.125124122791095        11.2679529657513     
 -0.124491652408265        11.2444832699997     
 -0.123859182025436        11.2941892322047     
 -0.123226711642606        11.2259368267391     
 -0.122594241259777        10.7534045512846     
 -0.121961770876947        10.6818562385470     
 -0.121329300494117        10.6180076508760     
 -0.120696830111288        10.5546952310378     
 -0.120064359728458        10.4917233640932     
 -0.119431889345629        10.4409268799645     
 -0.118799418962799        10.3868071421379     
 -0.118166948579970        10.2948089789809     
 -0.117534478197140        10.1955254013735     
 -0.116902007814311        10.1198656133545     
 -0.116269537431481        10.0424738321022     
 -0.115637067048652        9.96011078698988     
 -0.115004596665822        9.87156699846912     
 -0.114372126282992        9.77870097029631     
 -0.113739655900163        9.68311865260838     
 -0.113107185517333        9.59171283153005     
 -0.112474715134504        9.53264394116880     
 -0.111842244751674        9.47361180275650     
 -0.111209774368845        9.40967534363683     
 -0.110577303986015        9.36462508390223     
 -0.109944833603186        9.29762801052764     
 -0.109312363220356        9.18293956694212     
 -0.108679892837527        9.09178127303479     
 -0.108047422454697        9.01199154035493     
 -0.107414952071868        8.94316091296977     
 -0.106782481689038        8.88765066357798     
 -0.106150011306208        8.84420136255976     
 -0.105517540923379        8.78536376833962     
 -0.104885070540549        8.70414281008330     
 -0.104252600157720        8.54201066302798     
 -0.103620129774890        8.22631534290800     
 -0.102987659392061        8.27878859847605     
 -0.102355189009231        8.25526990134355     
 -0.101722718626402        8.23223315008299     
 -0.101090248243572        8.21338269394599     
 -0.100457777860743        8.18981693324496     
 -9.982530747791300E-002   8.16672038681513     
 -9.919283709508346E-002   8.14884999067913     
 -9.856036671225392E-002   8.13989400719479     
 -9.792789632942438E-002   8.12798925862113     
 -9.729542594659484E-002   8.11164399366355     
 -9.666295556376529E-002   8.09027331187956     
 -9.603048518093575E-002   8.06626853680687     
 -9.539801479810621E-002   8.03292996258530     
 -9.476554441527667E-002   7.98194936946163     
 -9.413307403244713E-002   7.94720958770773     
 -9.350060364961758E-002   7.93691624941377     
 -9.286813326678804E-002   7.94137285607879     
 -9.223566288395849E-002   7.94943163090502     
 -9.160319250112894E-002   7.97428846272533     
 -9.097072211829940E-002   8.02323841316478     
 -9.033825173546986E-002   8.00964875035554     
 -8.970578135264032E-002   7.99610288521125     
 -8.907331096981078E-002   7.98548326063255     
 -8.844084058698123E-002   7.98530448460686     
 -8.780837020415169E-002   7.99260986866638     
 -8.717589982132215E-002   7.99997732269769     
 -8.654342943849261E-002   7.99390273132149     
 -8.591095905566307E-002   7.97060633047089     
 -8.527848867283352E-002   7.93840029706562     
 -8.464601829000398E-002   7.89302203645649     
 -8.401354790717444E-002   7.83488498622863     
 -8.338107752434490E-002   7.76245230362753     
 -8.274860714151536E-002   7.67004534015236     
 -8.211613675868581E-002   7.54219330283318     
 -8.148366637585627E-002   7.51294732096725     
 -8.085119599302673E-002   7.57116897861017     
 -8.021872561019719E-002   8.68357554109053     
 -7.958625522736762E-002   8.87493706659423     
 -7.895378484453808E-002   7.96068257488789     
 -7.832131446170854E-002   7.49249988795630     
 -7.768884407887899E-002   6.09335755856125     
 -7.705637369604945E-002   4.94565441327862     
 -7.642390331321991E-002   4.05341410553499     
 -7.579143293039037E-002   3.42066604647135     
 -7.515896254756083E-002   2.94122958300360     
 -7.452649216473128E-002   2.49416206465267     
 -7.389402178190174E-002   1.89224711127567     
 -7.326155139907220E-002   1.19442517729251     
 -7.262908101624266E-002  0.791748372951455     
 -7.199661063341312E-002  0.460849755096617     
 -7.136414025058357E-002  0.235833430721860     
 -7.073166986775403E-002  8.357965795921415E-002
 -7.009919948492449E-002  1.487438533035592E-002
 -6.946672910209495E-002  4.758838068811675E-004
 -6.883425871926541E-002  0.000000000000000E+000
 -6.820178833643586E-002  0.000000000000000E+000
 -6.756931795360632E-002  0.000000000000000E+000
 -6.693684757077678E-002  0.000000000000000E+000
 -6.630437718794724E-002  0.000000000000000E+000
 -6.567190680511770E-002  0.000000000000000E+000
 -6.503943642228815E-002  0.000000000000000E+000
 -6.440696603945861E-002  0.000000000000000E+000
 -6.377449565662907E-002  0.000000000000000E+000
 -6.314202527379950E-002  0.000000000000000E+000
 -6.250955489096996E-002  0.000000000000000E+000
 -6.187708450814042E-002  0.000000000000000E+000
 -6.124461412531088E-002  0.000000000000000E+000
 -6.061214374248133E-002  0.000000000000000E+000
 -5.997967335965179E-002  0.000000000000000E+000
 -5.934720297682225E-002  0.000000000000000E+000
 -5.871473259399271E-002  0.000000000000000E+000
 -5.808226221116317E-002  0.000000000000000E+000
 -5.744979182833362E-002  0.000000000000000E+000
 -5.681732144550408E-002  0.000000000000000E+000
 -5.618485106267454E-002  1.819353173923005E-003
 -5.555238067984500E-002  9.598829984941914E-003
 -5.491991029701546E-002  2.842592276731467E-002
 -5.428743991418591E-002  6.573342432028791E-002
 -5.365496953135637E-002  0.127543311688295     
 -5.302249914852683E-002  0.221956287951035     
 -5.239002876569729E-002  0.362713179940869     
 -5.175755838286775E-002  0.566270613484040     
 -5.112508800003820E-002   3.87208544794616     
 -5.049261761720866E-002   3.53913376328256     
 -4.986014723437912E-002   5.33241934325733     
 -4.922767685154958E-002   5.85502040758910     
 -4.859520646872004E-002   5.89192294537725     
 -4.796273608589049E-002   6.73610284528008     
 -4.733026570306093E-002   7.04006099813711     
 -4.669779532023138E-002   7.21520707218262     
 -4.606532493740184E-002   7.20183136982915     
 -4.543285455457230E-002   7.26376793402910     
 -4.480038417174276E-002   7.37793683913406     
 -4.416791378891322E-002   7.46341791355363     
 -4.353544340608367E-002   7.64002666051044     
 -4.290297302325413E-002   7.81163143375908     
 -4.227050264042459E-002   7.97062956126185     
 -4.163803225759505E-002   8.12811228299603     
 -4.100556187476551E-002   8.28040854377399     
 -4.037309149193596E-002   8.42858375367763     
 -3.974062110910642E-002   8.57676387048650     
 -3.910815072627688E-002   8.72688088078802     
 -3.847568034344734E-002   8.87970366320019     
 -3.784320996061780E-002   9.03853029632352     
 -3.721073957778825E-002   9.20978132196465     
 -3.657826919495871E-002   9.42328665667638     
 -3.594579881212917E-002   9.73022779292037     
 -3.531332842929963E-002   10.1475152262920     
 -3.468085804647009E-002   10.6109875782683     
 -3.404838766364054E-002   11.1365792545525     
 -3.341591728081100E-002   12.5184597475810     
 -3.278344689798146E-002   14.1670848725764     
 -3.215097651515192E-002   14.8194655476569     
 -3.151850613232238E-002   14.7925133004204     
 -3.088603574949281E-002   15.9832257077439     
 -3.025356536666327E-002   17.3133752627095     
 -2.962109498383372E-002   18.7978248800474     
 -2.898862460100418E-002   21.0695766728115     
 -2.835615421817464E-002   40.1750282438344     
 -2.772368383534510E-002   22.7099830475865     
 -2.709121345251556E-002   23.1526469204311     
 -2.645874306968601E-002   22.3529241192736     
 -2.582627268685647E-002   20.6309024146724     
 -2.519380230402693E-002   18.6450170038701     
 -2.456133192119739E-002   16.9738207626660     
 -2.392886153836785E-002   15.7565004657696     
 -2.329639115553830E-002   14.7428535606489     
 -2.266392077270876E-002   14.2190812696290     
 -2.203145038987922E-002   13.8450463299950     
 -2.139898000704968E-002   13.4495157226324     
 -2.076650962422014E-002   13.0440078117526     
 -2.013403924139059E-002   12.6613312835381     
 -1.950156885856105E-002   12.2788978535742     
 -1.886909847573151E-002   11.8499172178373     
 -1.823662809290197E-002   11.4648587564977     
 -1.760415771007243E-002   11.2111586594905     
 -1.697168732724288E-002   10.9896078039996     
 -1.633921694441334E-002   10.7876388807767     
 -1.570674656158380E-002   10.5664786047384     
 -1.507427617875426E-002   10.3164298082658     
 -1.444180579592469E-002   10.0692466062560     
 -1.380933541309515E-002   9.84079077873135     
 -1.317686503026561E-002   9.63024008379986     
 -1.254439464743606E-002   9.43142711757990     
 -1.191192426460652E-002   9.24966589331650     
 -1.127945388177698E-002   9.08975194758115     
 -1.064698349894744E-002   8.94812150812346     
 -1.001451311611790E-002   8.81847430741806     
 -9.382042733288354E-003   8.69805128865293     
 -8.749572350458812E-003   8.58417363608586     
 -8.117101967629270E-003   8.47723319515061     
 -7.484631584799728E-003   8.37238764062342     
 -6.852161201970186E-003   8.26527542838276     
 -6.219690819140644E-003   8.15358403230878     
 -5.587220436311102E-003   8.03598160475279     
 -4.954750053481560E-003   7.91492408661725     
 -4.322279670652018E-003   7.79622343631271     
 -3.689809287822476E-003   7.68982830459839     
 -3.057338904992934E-003   7.60199241613781     
 -2.424868522163393E-003   7.52517354801627     
 -1.792398139333851E-003   7.44048869184343     
 -1.159927756504309E-003   7.34627816257944     
 -5.274573736747667E-004   7.25000143959652     
  1.050130091547752E-004   7.15526200123082     
  7.374833919843171E-004   7.06330685229368     
  1.369953774813887E-003   6.97413599278510     
  2.002424157643429E-003   6.88774942270510     
  2.634894540472971E-003   6.80414714205366     
  3.267364923302513E-003   6.72332915083079     
  3.899835306132055E-003   6.64529196769762     
  4.532305688961596E-003   6.56992170970897     
  5.164776071791138E-003   6.49716147994020     
  5.797246454620680E-003   6.42687563815469     
  6.429716837450222E-003   6.35895697889482     
  7.062187220279764E-003   6.29307270568252     
  7.694657603109306E-003   6.22897722624174     
  8.327127985938848E-003   6.16649401671756     
  8.959598368768390E-003   6.10450515912837     
  9.592068751597932E-003   6.04163264337551     
  1.022453913442747E-002   5.97754841067136     
  1.085700951725702E-002   5.91349248719174     
  1.148947990008656E-002   5.84739993674233     
  1.212195028291610E-002   5.78080147894517     
  1.275442066574564E-002   5.71604447610330     
  1.338689104857518E-002   5.65302296134868     
  1.401936143140473E-002   5.59085537312023     
  1.465183181423427E-002   5.52958314522394     
  1.528430219706381E-002   5.46922508006379     
  1.591677257989335E-002   5.41474056920973     
  1.654924296272289E-002   5.36684803149417     
  1.718171334555244E-002   5.32504997092291     
  1.781418372838200E-002   5.28792699735234     
  1.844665411121155E-002   5.25026776896084     
  1.907912449404109E-002   5.21086112812749     
  1.971159487687063E-002   5.17123438412069     
  2.034406525970017E-002   5.13138713701893     
  2.097653564252971E-002   5.09112120919745     
  2.160900602535926E-002   5.05026570585852     
  2.224147640818880E-002   5.00867522259412     
  2.287394679101834E-002   4.96625806382840     
  2.350641717384788E-002   4.92242117125069     
  2.413888755667742E-002   4.87625312620126     
  2.477135793950697E-002   4.82652024994839     
  2.540382832233651E-002   4.77505575793860     
  2.603629870516605E-002   4.72441974135391     
  2.666876908799559E-002   4.67484238606618     
  2.730123947082513E-002   4.62632368940100     
  2.793370985365468E-002   4.57886365135836     
  2.856618023648422E-002   4.53232040659801     
  2.919865061931376E-002   4.48649822934237     
  2.983112100214330E-002   4.44136784162002     
  3.046359138497284E-002   4.39627955139597     
  3.109606176780239E-002   4.35155268914965     
  3.172853215063193E-002   4.30929863523101     
  3.236100253346147E-002   4.26998963081427     
  3.299347291629104E-002   4.23190979715895     
  3.362594329912058E-002   4.19438125587014     
  3.425841368195012E-002   4.15705693638600     
  3.489088406477966E-002   4.11951089036634     
  3.552335444760921E-002   4.08110936680707     
  3.615582483043875E-002   4.04129478402301     
  3.678829521326829E-002   4.00093065330773     
  3.742076559609783E-002   3.96219196442958     
  3.805323597892737E-002   3.92637760714379     
  3.868570636175692E-002   3.89397440866977     
  3.931817674458646E-002   3.87629315211393     
  3.995064712741600E-002   3.84698723340926     
  4.058311751024554E-002   3.81661245926162     
  4.121558789307508E-002   3.78681849961530     
  4.184805827590463E-002   3.75557617294721     
  4.248052865873417E-002   3.72394106994675     
  4.311299904156371E-002   3.69237637032697     
  4.374546942439325E-002   3.66088207408787     
  4.437793980722279E-002   3.62945818122945     
  4.501041019005234E-002   3.59810469175171     
  4.564288057288188E-002   3.56682160565464     
  4.627535095571142E-002   3.53560892293824     
  4.690782133854096E-002   3.50446664360253     
  4.754029172137050E-002   3.47339476764749     
  4.817276210420005E-002   3.44239329507314     
  4.880523248702959E-002   3.41146222587945     
  4.943770286985913E-002   3.38060156006645     
  5.007017325268867E-002   3.34981129763412     
  5.070264363551821E-002   3.31909143858247     
  5.133511401834776E-002   3.28843552848787     
  5.196758440117730E-002   3.25779009813350     
  5.260005478400684E-002   3.22718224830911     
  5.323252516683638E-002   3.19893351002019     
  5.386499554966592E-002   3.17705510900473     
  5.449746593249546E-002   3.16310863228991     
  5.512993631532501E-002   3.15977739228796     
  5.576240669815455E-002   3.17424566646493     
  5.639487708098409E-002   3.20776985992552     
  5.702734746381363E-002   3.26725882331145     
  5.765981784664317E-002   3.38790026782769     
  5.829228822947277E-002   3.83401198007158     
  5.892475861230231E-002   4.46388531400754     
  5.955722899513186E-002   5.19168843761166     
  6.018969937796140E-002   6.00704142014422     
  6.082216976079094E-002   6.90108170148379     
  6.145464014362048E-002   7.81738983837606     
  6.208711052645002E-002   8.82929847716421     
  6.271958090927957E-002   9.84226591202648     
  6.335205129210911E-002   10.8335260284353     
  6.398452167493865E-002   11.9115888211340     
  6.461699205776819E-002   13.1170747861969     
  6.524946244059773E-002   14.3460079101194     
  6.588193282342727E-002   15.4253083206271     
  6.651440320625682E-002   16.4015321608933     
  6.714687358908636E-002   18.4495236192322     
  6.777934397191590E-002   19.1562372937285     
  6.841181435474544E-002   18.2332330481204     
  6.904428473757498E-002   18.3169057203295     
  6.967675512040453E-002   18.1368630152093     
  7.030922550323407E-002   17.6830361943251     
  7.094169588606361E-002   16.9696348889251     
  7.157416626889315E-002   16.4523394607358     
  7.220663665172269E-002   16.1367381831895     
  7.283910703455224E-002   15.8219263029910     
  7.347157741738178E-002   15.5876382748491     
  7.410404780021132E-002   15.3103683363454     
  7.473651818304086E-002   15.0655790226234     
  7.536898856587040E-002   14.8738621877132     
  7.600145894869995E-002   14.7207767088268     
  7.663392933152949E-002   14.5955232152742     
  7.726639971435903E-002   14.4710786322590     
  7.789887009718857E-002   14.3475316490985     
  7.853134048001811E-002   14.2287714873543     
  7.916381086284766E-002   14.1014093862759     
  7.979628124567720E-002   13.9366218966290     
  8.042875162850674E-002   13.7984595186160     
  8.106122201133628E-002   13.6839939130043     
  8.169369239416582E-002   13.6123770607910     
  8.232616277699537E-002   13.5779331362392     
  8.295863315982491E-002   13.5487648147645     
  8.359110354265445E-002   13.5135703918070     
  8.422357392548399E-002   13.4530863654234     
  8.485604430831353E-002   13.3826951997696     
  8.548851469114307E-002   13.3484990321773     
  8.612098507397262E-002   13.3160890881644     
  8.675345545680216E-002   13.3093327791837     
  8.738592583963170E-002   13.3280717918837     
  8.801839622246124E-002   13.3499156171398     
  8.865086660529078E-002   13.3660068066430     
  8.928333698812033E-002   13.3869150176612     
  8.991580737094987E-002   13.4158298036379     
  9.054827775377947E-002   13.4566958909962     
  9.118074813660901E-002   13.5157333509125     
  9.181321851943855E-002   13.6079619237973     
  9.244568890226809E-002   13.7325829900467     
  9.307815928509763E-002   13.8946916613331     
  9.371062966792718E-002   14.0796189332540     
  9.434310005075672E-002   14.2388111858140     
  9.497557043358626E-002   14.3788360648565     
  9.560804081641580E-002   14.4770834890594     
  9.624051119924534E-002   14.5422983843787     
  9.687298158207489E-002   14.6205230428339     
  9.750545196490443E-002   14.7307597091154     
  9.813792234773397E-002   14.8398248846787     
  9.877039273056351E-002   14.9395090969241     
  9.940286311339305E-002   15.0304945491698     
  0.100035333496223        15.1292551507148     
  0.100667803879052        15.2316057879300     
  0.101300274261882        15.3370035646919     
  0.101932744644711        15.4542845689745     
  0.102565215027541        15.5909938344134     
  0.103197685410370        15.7407807181166     
  0.103830155793200        15.8528428657854     
  0.104462626176029        15.9325972973415     
  0.105095096558859        16.0415348555220     
  0.105727566941688        16.1998919600396     
  0.106360037324518        16.3659326044785     
  0.106992507707348        16.5437603708983     
  0.107624978090177        16.7194458526714     
  0.108257448473007        16.8884919280513     
  0.108889918855836        17.0782202876627     
  0.109522389238666        17.3110171118337     
  0.110154859621495        17.6021712601011     
  0.110787330004325        17.9410286825510     
  0.111419800387154        18.3349124494654     
  0.112052270769984        18.9507676541346     
  0.112684741152813        20.0349118188406     
  0.113317211535643        21.2099936482349     
  0.113949681918473        22.3271346171797     
  0.114582152301302        22.6722712183934     
  0.115214622684132        22.6230737488176     
  0.115847093066961        22.4549484337654     
  0.116479563449791        22.3071019682778     
  0.117112033832620        21.8649980842547     
  0.117744504215450        21.3853286903912     
  0.118376974598279        21.1587354570156     
  0.119009444981109        20.9834495791499     
  0.119641915363938        20.8284730323131     
  0.120274385746768        20.6888022639211     
  0.120906856129597        20.5188657744897     
  0.121539326512427        20.3563238730555     
  0.122171796895257        20.1820178635766     
  0.122804267278086        19.9788520146783     
  0.123436737660916        19.7881703096715     
  0.124069208043745        19.6580131378807     
  0.124701678426575        19.5365711489104     
  0.125334148809404        19.4263475348196     
  0.125966619192234        19.3474944556676     
  0.126599089575063        19.3686501625676     
  0.127231559957893        19.4576808699261     
  0.127864030340722        19.7683829817024     
  0.128496500723552        19.6175446549966     
  0.129128971106382        19.3583299742771     
  0.129761441489211        19.3892440322358     
  0.130393911872041        19.3674848974681     
  0.131026382254870        19.3222740348068     
  0.131658852637700        19.2661451343021     
  0.132291323020529        19.2000640136444     
  0.132923793403359        19.1235396795892     
  0.133556263786188        19.0346013748976     
  0.134188734169018        18.9369710278324     
  0.134821204551847        18.8319315881724     
  0.135453674934677        18.7119552034702     
  0.136086145317507        18.5872392257979     
  0.136718615700336        18.4754036866940     
  0.137351086083166        18.3718962675934     
  0.137983556465995        18.2720748844481     
  0.138616026848825        18.1824879595531     
  0.139248497231654        18.0982561135765     
  0.139880967614484        18.0166631856273     
  0.140513437997313        17.9298687693789     
  0.141145908380143        17.8281035620289     
  0.141778378762972        17.7541675715837     
  0.142410849145802        17.7395842399068     
  0.143043319528632        17.7541102480181     
  0.143675789911461        17.7641428768793     
  0.144308260294291        17.7563233213624     
  0.144940730677120        17.7078414222418     
  0.145573201059950        17.7219450600887     
  0.146205671442779        17.7206521179686     
  0.146838141825609        17.6807165499280     
  0.147470612208438        17.6299557888475     
  0.148103082591268        17.5970874882879     
  0.148735552974097        17.5737616175788     
  0.149368023356927        17.5689063668791     
  0.150000493739756        17.5607072208726     
  0.150632964122586        17.5360615635800     
  0.151265434505416        17.4991638782514     
  0.151897904888245        17.4499782181860     
  0.152530375271075        17.3895341219403     
  0.153162845653904        17.3346610961069     
  0.153795316036734        17.2943281043985     
  0.154427786419563        17.2787591605714     
  0.155060256802393        17.2817038213226     
  0.155692727185222        17.2897555657899     
  0.156325197568052        17.2881141691095     
  0.156957667950881        17.2939147210821     
  0.157590138333711        17.2976940676476     
  0.158222608716541        17.2603003302678     
  0.158855079099370        17.2254756635086     
  0.159487549482200        17.1946305155097     
  0.160120019865029        17.1396850331750     
  0.160752490247859        17.0636674217642     
  0.161384960630688        16.9776812323095     
  0.162017431013518        16.9246318792529     
  0.162649901396347        16.9017810163642     
  0.163282371779177        16.8974553922095     
  0.163914842162006        16.8740547007021     
  0.164547312544836        16.8601276421678     
  0.165179782927666        16.8292881420168     
  0.165812253310495        16.7264852939312     
  0.166444723693325        16.5923410466596     
  0.167077194076154        16.4887826025865     
  0.167709664458984        16.5236809866745     
  0.168342134841813        16.6733869018431     
  0.168974605224643        16.8838415903668     
  0.169607075607472        17.0977954919904     
  0.170239545990302        17.3715427344115     
  0.170872016373131        17.4098171395320     
  0.171504486755961        15.8529316196434     
  0.172136957138790        15.8296541106610     
  0.172769427521620        15.4413645623197     
  0.173401897904450        14.8864615911701     
  0.174034368287279        14.1879368476712     
  0.174666838670109        13.6194142682778     
  0.175299309052938        13.0767774186496     
  0.175931779435768        12.5209916000417     
  0.176564249818597        12.0103237666033     
  0.177196720201427        11.5956116656039     
  0.177829190584256        11.2089334367053     
  0.178461660967086        10.8505068083833     
  0.179094131349915        10.5196634313514     
  0.179726601732745        10.2268848850755     
  0.180359072115575        9.96127373676449     
  0.180991542498404        9.70841586922313     
  0.181624012881234        9.44840901803638     
  0.182256483264063        9.19556325872114     
  0.182888953646893        8.95443650343421     
  0.183521424029722        8.70665548430689     
  0.184153894412552        8.49361183235521     
  0.184786364795381        8.29547578003782     
  0.185418835178211        8.07778313106949     
  0.186051305561040        7.81392355880416     
  0.186683775943870        7.54169296040307     
  0.187316246326699        7.31755920570928     
  0.187948716709529        7.16037237022695     
  0.188581187092359        7.04719996063630     
  0.189213657475188        6.93332301391976     
  0.189846127858018        6.79926513904526     
  0.190478598240847        6.63234942790499     
  0.191111068623677        6.45150538864384     
  0.191743539006506        6.27280662466351     
  0.192376009389336        6.10767593541892     
  0.193008479772165        5.95482045187726     
  0.193640950154995        5.80174705079054     
  0.194273420537825        5.65858809859466     
  0.194905890920654        5.52645737601478     
  0.195538361303484        5.40330746276269     
  0.196170831686313        5.28595328196598     
  0.196803302069143        5.17232611124708     
  0.197435772451972        5.03458082060109     
  0.198068242834802        4.86333222772460     
  0.198700713217631        4.69018254458688     
  0.199333183600461        4.55194995114269     
  0.199965653983290        4.41652562342356     
  0.200598124366120        4.32046703901649     
  0.201230594748949        4.27968090449732     
  0.201863065131779        4.18339366209855     
  0.202495535514609        4.04910611964538     
  0.203128005897438        3.87283871056789     
  0.203760476280268        3.69360067442681     
  0.204392946663097        3.52607927816027     
  0.205025417045927        3.38692985087495     
  0.205657887428756        3.20628532440538     
  0.206290357811586        3.02486235328945     
  0.206922828194415        2.84185240768769     
  0.207555298577245        2.64444277925888     
  0.208187768960074        2.53772882932567     
  0.208820239342904        2.32918841315554     
  0.209452709725734        2.18433776863465     
  0.210085180108563        2.16929527363829     
  0.210717650491393        2.17951845047154     
  0.211350120874222        2.14672294448933     
  0.211982591257052        2.06664740242168     
  0.212615061639881        1.93929182426860     
  0.213247532022711        1.76449332800655     
  0.213880002405540        1.54096713716509     
  0.214512472788370        1.27121942888568     
  0.215144943171199        1.01847361491276     
  0.215777413554029       0.802285024091981     
  0.216409883936858       0.612994944671795     
  0.217042354319688       0.449603162297694     
  0.217674824702518       0.310853322444746     
  0.218307295085347       0.189789376758077     
  0.218939765468177       7.997702264742622E-002
  0.219572235851006       2.134483290143167E-002
  0.220204706233836       0.000000000000000E+000
  0.220837176616665       0.000000000000000E+000
  0.221469646999495       0.000000000000000E+000
  0.222102117382324       0.000000000000000E+000
  0.222734587765154       0.000000000000000E+000
  0.223367058147983       0.000000000000000E+000
  0.223999528530813       0.000000000000000E+000
  0.224631998913643       0.000000000000000E+000
  0.225264469296472       0.000000000000000E+000
  0.225896939679302       0.000000000000000E+000
  0.226529410062131       0.000000000000000E+000
  0.227161880444961       0.000000000000000E+000
  0.227794350827790       0.000000000000000E+000
  0.228426821210620       0.000000000000000E+000
  0.229059291593449       0.000000000000000E+000
  0.229691761976279       0.000000000000000E+000
  0.230324232359108       0.000000000000000E+000
  0.230956702741938       0.000000000000000E+000
  0.231589173124768       0.000000000000000E+000
  0.232221643507597       0.000000000000000E+000
  0.232854113890427       0.000000000000000E+000
  0.233486584273256       0.000000000000000E+000
  0.234119054656086       0.000000000000000E+000
  0.234751525038915       0.000000000000000E+000
  0.235383995421745       0.000000000000000E+000
  0.236016465804574       0.000000000000000E+000
  0.236648936187404       0.000000000000000E+000
  0.237281406570233       0.000000000000000E+000
  0.237913876953063       1.539463882762558E-002
  0.238546347335893       0.114771242665892     
  0.239178817718722       0.280165220931999     
  0.239811288101552       0.479404966165670     
  0.240443758484381       0.712765878795486     
  0.241076228867211       0.981114346664729     
  0.241708699250040        1.28771857153282     
  0.242341169632870        1.70760575063873     
  0.242973640015699        1.95899485620340     
  0.243606110398529        2.19252115987081     
  0.244238580781358        2.40667641867124     
  0.244871051164188        2.59926551082231     
  0.245503521547017        2.77029060196011     
  0.246135991929847        2.92253701574175     
  0.246768462312677        3.06194411237521     
  0.247400932695506        3.19464337605184     
  0.248033403078336        3.31868044995639     
  0.248665873461165        3.43101236436664     
  0.249298343843995        3.52717277202347     
  0.249930814226824        3.60483490026503     
  0.250563284609654        3.68102005014303     
  0.251195754992483        3.75847021799000     
  0.251828225375313        3.83700409877777     
  0.252460695758142        3.90959123601593     
  0.253093166140972        3.97249988581500     
  0.253725636523802        4.02522528844477     
  0.254358106906631        4.09050157455235     
  0.254990577289461        4.17007816834808     
  0.255623047672290        4.25011800091132     
  0.256255518055120        4.33657292618659     
  0.256887988437949        4.43279025761071     
  0.257520458820779        4.53921932013214     
  0.258152929203608        4.73458566474183     
  0.258785399586438        4.96438328788897     
  0.259417869969267        5.17994622271079     
  0.260050340352097        5.37760738924514     
  0.260682810734926        5.55817357278610     
  0.261315281117756        5.72737087279627     
  0.261947751500586        5.90219527317054     
  0.262580221883415        6.08410934020002     
  0.263212692266245        6.26763806717861     
  0.263845162649074        6.46154017336113     
  0.264477633031904        6.63690512788317     
  0.265110103414733        6.77710287303860     
  0.265742573797563        6.88645306212625     
  0.266375044180392        6.99870670335795     
  0.267007514563222        7.11905505751951     
  0.267639984946051        7.21982731303345     
  0.268272455328881        7.30258234138782     
  0.268904925711711        7.41939393224600     
  0.269537396094540        7.55270572624648     
  0.270169866477370        7.66505320237622     
  0.270802336860199        7.74630415843102     
  0.271434807243029        7.80306207838295     
  0.272067277625858        7.84755935943874     
  0.272699748008688        7.89747697457021     
  0.273332218391517        7.95378339190604     
  0.273964688774347        8.01998643378143     
  0.274597159157176        8.10265051398995     
  0.275229629540006        8.20242598800610     
  0.275862099922836        8.31930030184569     
  0.276494570305665        8.44807963061049     
  0.277127040688495        8.58337742656292     
  0.277759511071324        8.72308409059775     
  0.278391981454154        8.87188731576765     
  0.279024451836983        9.03254653068510     
  0.279656922219813        9.19275984011842     
  0.280289392602642        9.35399472063923     
  0.280921862985472        9.50889218940409     
  0.281554333368301        9.66025612750679     
  0.282186803751131        9.81887244818967     
  0.282819274133961        10.0379327861905     
  0.283451744516790        10.4929722220049     
  0.284084214899620        10.9356105269710     
  0.284716685282449        11.3406016741865     
  0.285349155665279        11.7396362336048     
  0.285981626048108        12.1753381842512     
  0.286614096430938        12.7211427145368     
  0.287246566813767        13.3525055411913     
  0.287879037196597        13.9852857673595     
  0.288511507579426        14.5741016450595     
  0.289143977962256        15.1150086215962     
  0.289776448345086        15.6279186859565     
  0.290408918727915        16.1266329294007     
  0.291041389110745        16.6119500814148     
  0.291673859493574        17.0870670822478     
  0.292306329876404        17.5646737269691     
  0.292938800259233        18.0824299774192     
  0.293571270642063        18.6416890806407     
  0.294203741024892        19.2342386846073     
  0.294836211407722        19.8519639699543     
  0.295468681790551        20.5138436022487     
  0.296101152173381        21.1199661516720     
  0.296733622556210        21.6973768572809     
  0.297366092939040        22.4451170674026     
  0.297998563321870        23.2247206129460     
  0.298631033704699        24.1192419480712     
  0.299263504087529        25.0978857497971     
  0.299895974470358        25.9959673476488     
  0.300528444853188        26.6815270123188     
  0.301160915236017        28.4588524352345     
  0.301793385618847        33.0395101210715     
  0.302425856001676        29.3344540433850     
  0.303058326384506        26.4242555051031     
  0.303690796767335        25.3512864526347     
  0.304323267150165        24.4208433511838     
  0.304955737532995        23.8406446651543     
  0.305588207915824        23.6137434900125     
  0.306220678298654        23.5888405427553     
  0.306853148681483        23.8557317195242     
  0.307485619064313        24.2276691888221     
  0.308118089447142        24.5345723216085     
  0.308750559829972        24.6954539108266     
  0.309383030212801        24.6695835807126     
  0.310015500595631        24.4795279037388     
  0.310647970978460        24.1405244553175     
  0.311280441361290        23.6634858757777     
  0.311912911744120        23.0392315973927     
  0.312545382126949        22.2770758101222     
  0.313177852509779        21.5042424587239     
  0.313810322892608        20.8458135160871     
  0.314442793275438        20.2204579832447     
  0.315075263658267        19.5530718356527     
  0.315707734041097        18.8460028334689     
  0.316340204423926        18.1226253570633     
  0.316972674806756        17.5132728912527     
  0.317605145189585        17.0482692899433     
  0.318237615572415        16.6765062816934     
  0.318870085955244        16.3450096219401     
  0.319502556338074        16.0627969683641     
  0.320135026720904        15.8322641533020     
  0.320767497103733        15.7550112714174     
  0.321399967486563        15.6355637485229     
  0.322032437869392        15.4741090851504     
  0.322664908252222        15.1573670447278     
  0.323297378635051        14.6096991892658     
  0.323929849017881        13.9475327473170     
  0.324562319400710        13.1355337735806     
  0.325194789783540        12.3461450487350     
  0.325827260166369        11.8155577629387     
  0.326459730549199        11.5554636625865     
  0.327092200932029        11.2756258000929     
  0.327724671314858        10.9439276065886     
  0.328357141697688        10.7434127367099     
  0.328989612080517        10.6271033794896     
  0.329622082463347        10.5155821652327     
  0.330254552846176        10.4436554632632     
  0.330887023229006        10.4240710239725     
  0.331519493611835        10.4667496738561     
  0.332151963994665        10.5670907348838     
  0.332784434377494        10.8217024589164     
  0.333416904760324        11.3593549483693     
  0.334049375143154        13.4020902005739     
  0.334681845525983        17.5938931630738     
  0.335314315908813        17.0222043516344     
  0.335946786291642        19.9869153855926     
  0.336579256674472        22.9471707466481     
  0.337211727057301        24.6477128374014     
  0.337844197440131        25.8603405939156     
  0.338476667822960        25.3895830709756     
  0.339109138205790        23.1408564388943     
  0.339741608588619        22.4406164053810     
  0.340374078971449        22.5808115491794     
  0.341006549354279        22.8358713476734     
  0.341639019737108        22.6422222209701     
  0.342271490119938        22.5734276384559     
  0.342903960502767        22.9645371337423     
  0.343536430885597        23.8918829868683     
  0.344168901268426        24.8737719563332     
  0.344801371651256        25.8727128625168     
  0.345433842034085        26.4326193253085     
  0.346066312416915        26.7642367541988     
  0.346698782799744        26.3604968713225     
  0.347331253182574        26.2666545728999     
  0.347963723565404        26.3364413024217     
  0.348596193948233        27.3081438061072     
  0.349228664331063        27.8560670043281     
  0.349861134713892        26.8186305418370     
  0.350493605096722        26.5372103222922     
  0.351126075479551        26.7584105274114     
  0.351758545862381        26.8525209218129     
  0.352391016245210        26.7992564195350     
  0.353023486628040        26.5720799804361     
  0.353655957010869        26.1296262995521     
  0.354288427393699        25.5559476345264     
  0.354920897776528        25.0143625747595     
  0.355553368159358        24.4688330696339     
  0.356185838542188        23.8579755153667     
  0.356818308925017        23.2679330709461     
  0.357450779307847        22.6554132481794     
  0.358083249690676        22.0929119180571     
  0.358715720073506        21.6649790273979     
  0.359348190456335        21.3729244421965     
  0.359980660839165        21.1071162039296     
  0.360613131221994        20.8523228502546     
  0.361245601604824        20.6828384070896     
  0.361878071987653        20.4405494031945     
  0.362510542370483        20.2605230950469     
  0.363143012753313        20.1824746930048     
  0.363775483136142        20.1517453361732     
  0.364407953518972        20.1056291240976     
  0.365040423901801        20.0412881438785     
  0.365672894284631        19.9726805171128     
  0.366305364667460        19.9127705135023     
  0.366937835050290        19.8599952109231     
  0.367570305433119        19.8097674220403     
  0.368202775815949        19.7432271113832     
  0.368835246198778        19.6569069753905     
  0.369467716581608        19.5448836062631     
  0.370100186964437        19.3966714521905     
  0.370732657347267        19.2076724812658     
  0.371365127730097        18.9651718318016     
  0.371997598112926        18.6741584080692     
  0.372630068495756        18.3670200466852     
  0.373262538878585        18.1185875995142     
  0.373895009261415        17.8469980753031     
  0.374527479644244        17.5311514461656     
  0.375159950027074        17.2014666585210     
  0.375792420409903        16.8713481433389     
  0.376424890792733        17.2190037594560     
  0.377057361175562        17.3465784640999     
  0.377689831558392        17.1437479462229     
  0.378322301941222        16.7459166272705     
  0.378954772324051        16.3537580516337     
  0.379587242706881        15.9662722399825     
  0.380219713089710        15.5903628489593     
  0.380852183472540        15.2389724688842     
  0.381484653855369        14.9237644843948     
  0.382117124238199        14.6651935334806     
  0.382749594621028        14.4748922311414     
  0.383382065003858        14.3783062719957     
  0.384014535386687        14.3849621010327     
  0.384647005769517        14.4996489907215     
  0.385279476152346        14.7304677379933     
  0.385911946535176        15.0311260579118     
  0.386544416918006        15.3916857235329     
  0.387176887300835        15.8753662040654     
  0.387809357683665        16.4178681211842     
  0.388441828066494        16.9015974380182     
  0.389074298449324        17.1228439354656     
  0.389706768832153        16.9528070923810     
  0.390339239214983        16.5245570283981     
  0.390971709597812        16.4203303535737     
  0.391604179980642        16.4720072719394     
  0.392236650363471        16.4941419967658     
  0.392869120746301        16.4951900949429     
  0.393501591129131        16.4891746398437     
  0.394134061511960        16.4728348546612     
  0.394766531894790        16.4408813470107     
  0.395399002277619        16.3933986209846     
  0.396031472660449        16.3105098610212     
  0.396663943043278        16.2045640464006     
  0.397296413426108        16.0964950058403     
  0.397928883808937        16.0295026179418     
  0.398561354191767        15.9213352623182     
  0.399193824574597        15.7864305160104     
  0.399826294957426        15.7980656179710     
  0.400458765340256        15.8320743738809     
  0.401091235723085        15.9032857626893     
  0.401723706105915        16.0425952853534     
  0.402356176488744        16.1723921703779     
  0.402988646871574        16.4360133645312     
  0.403621117254403        17.0453178791635     
  0.404253587637233        17.2096804835243     
  0.404886058020062        17.2652909971102     
  0.405518528402892        17.4137856846801     
  0.406150998785721        17.4985598405842     
  0.406783469168551        17.5351977125577     
  0.407415939551381        17.5298888587374     
  0.408048409934210        17.4925737382651     
  0.408680880317040        17.4371391124642     
  0.409313350699869        17.3648783395900     
  0.409945821082699        17.2772344157837     
  0.410578291465528        17.1807201725129     
  0.411210761848358        17.0865144044356     
  0.411843232231187        16.9993939585336     
  0.412475702614017        16.9068086099665     
  0.413108172996846        16.7923827334521     
  0.413740643379676        16.6600728605272     
  0.414373113762506        16.5156989381622     
  0.415005584145335        16.3639905346034     
  0.415638054528165        16.2202285817519     
  0.416270524910994        16.0861178587438     
  0.416902995293824        15.9631080137561     
  0.417535465676653        15.8510902946000     
  0.418167936059483        15.7438615025248     
  0.418800406442312        15.6385196998825     
  0.419432876825142        15.5431149210383     
  0.420065347207971        15.4563484580718     
  0.420697817590801        15.3709862793264     
  0.421330287973630        15.2712163361228     
  0.421962758356460        15.1497107369675     
  0.422595228739290        14.9795969783990     
  0.423227699122119        14.7884834856173     
  0.423860169504949        14.6583933998850     
  0.424492639887778        14.6217520313175     
  0.425125110270608        14.6552771973950     
  0.425757580653437        14.7222943992227     
  0.426390051036267        14.8196168315950     
  0.427022521419096        14.9181820678267     
  0.427654991801926        15.0041324386179     
  0.428287462184755        15.1222783714717     
  0.428919932567585        15.1686529789771     
  0.429552402950415        15.0739035972515     
  0.430184873333244        14.9065532597476     
  0.430817343716074        14.7249763023653     
  0.431449814098903        14.5196671062175     
  0.432082284481733        14.3648547114421     
  0.432714754864562        14.2034905253480     
  0.433347225247392        14.0597942328904     
  0.433979695630221        13.9366998883853     
  0.434612166013051        13.8841552563519     
  0.435244636395880        13.9317334128331     
  0.435877106778710        14.0551461741778     
  0.436509577161539        14.3400366194438     
  0.437142047544369        14.6225432513693     
  0.437774517927199        14.6359407928370     
  0.438406988310028        14.4009356265772     
  0.439039458692858        13.9807359585729     
  0.439671929075687        13.4198907283993     
  0.440304399458517        12.8071316389541     
  0.440936869841346        12.6088382110224     
  0.441569340224176        12.4915879780585     
  0.442201810607005        12.4365290343638     
  0.442834280989835        12.4017081957474     
  0.443466751372664        12.4629060421525     
  0.444099221755494        12.5476883850728     
  0.444731692138324        12.6326426017908     
  0.445364162521153        12.7189646170367     
  0.445996632903983        12.8063643925717     
  0.446629103286812        12.8947679227075     
  0.447261573669642        12.9819087151791     
  0.447894044052471        13.0668852839287     
  0.448526514435301        13.1515141998304     
  0.449158984818130        13.2355869128297     
  0.449791455200960        13.3203174692078     
  0.450423925583789        13.4063245546518     
  0.451056395966619        13.4945484627787     
  0.451688866349448        13.5850614155976     
  0.452321336732278        13.6775511137409     
  0.452953807115108        13.7724375542085     
  0.453586277497937        13.8699182836422     
  0.454218747880767        13.9695480769618     
  0.454851218263596        14.0727712507723     
  0.455483688646426        14.1768851577852     
  0.456116159029255        14.2824236105045     
  0.456748629412085        14.4365016221945     
  0.457381099794914        14.6914332222075     
  0.458013570177744        14.9481872633053     
  0.458646040560573        15.1898045439322     
  0.459278510943403        14.9918756885533     
  0.459910981326233        15.2065797313277     
  0.460543451709062        15.5064104925944     
  0.461175922091892        15.9088036535806     
  0.461808392474721        16.5036059159239     
  0.462440862857551        18.0884154405788     
  0.463073333240380        18.8905032404486     
  0.463705803623210        19.4813128648023     
  0.464338274006039        19.9272344693378     
  0.464970744388869        20.0342523401858     
  0.465603214771699        20.2859388043286     
  0.466235685154528        20.3690711753491     
  0.466868155537358        20.4548086179003     
  0.467500625920187        20.5638558287780     
  0.468133096303017        20.6579103921635     
  0.468765566685846        20.5059485306981     
  0.469398037068676        20.1048281449210     
  0.470030507451505        19.6787185062088     
  0.470662977834335        19.4879116430002     
  0.471295448217164        19.4783913553498     
  0.471927918599994        19.5051824527223     
  0.472560388982823        19.6237508709675     
  0.473192859365653        19.7575174783953     
  0.473825329748483        19.8951777425588     
  0.474457800131312        20.0256251063925     
  0.475090270514142        20.1166192123749     
  0.475722740896971        20.0265080430946     
  0.476355211279801        19.7864239295172     
  0.476987681662630        19.4897654230728     
  0.477620152045460        19.2009731120949     
  0.478252622428289        18.9216176721220     
  0.478885092811119        18.6876584874954     
  0.479517563193948        18.4139867029434     
  0.480150033576778        18.0224911884498     
  0.480782503959608        17.3604667715223     
  0.481414974342437        17.0275594250730     
  0.482047444725267        16.8066974009112     
  0.482679915108096        16.7178299165122     
  0.483312385490926        16.5745112041565     
  0.483944855873755        16.3384444164720     
  0.484577326256585        16.0878810955180     
  0.485209796639414        15.8453563972861     
  0.485842267022244        15.6076749083841     
  0.486474737405073        15.3738537748446     
  0.487107207787903        15.1556404071606     
  0.487739678170732        14.9555749504696     
  0.488372148553562        14.7711870842571     
  0.489004618936392        14.5928374459013     
  0.489637089319221        14.4397158299395     
  0.490269559702051        14.3073551773140     
  0.490902030084880        14.1950707764737     
  0.491534500467710        14.1051903998496     
  0.492166970850539        14.0530708575484     
  0.492799441233369        14.0479104841013     
  0.493431911616198        14.0905860724849     
  0.494064381999028        14.1851625815105     
  0.494696852381857        14.3321452077851     
  0.495329322764687        14.5413900984093     
  0.495961793147517        14.7942133295973     
  0.496594263530346        15.0883406132296     
  0.497226733913176        15.4192383436875     
  0.497859204296005        15.7314026504819     
  0.498491674678835        16.0006493777062     
  0.499124145061664        16.5221703428570     
  0.499756615444494        16.9372669795705     
  0.500389085827323        17.2158999268648     
  0.501021556210153        17.3380587106706     
  0.501654026592982        17.2975797642413     
  0.502286496975812        17.1755074790358     
  0.502918967358641        17.0224774497296     
  0.503551437741471        17.0626626115454     
  0.504183908124301        17.1400992798191     
  0.504816378507130        17.1852870059740     
  0.505448848889960        17.1843434705465     
  0.506081319272789        17.1301371996080     
  0.506713789655619        17.0221370653017     
  0.507346260038448        16.8722203264268     
  0.507978730421278        16.6933507223062     
  0.508611200804107        16.4519518438154     
  0.509243671186937        15.9712785673193     
  0.509876141569766        15.3239177760856     
  0.510508611952596        14.8523971459042     
  0.511141082335426        14.5751875696479     
  0.511773552718255        14.4326930632416     
  0.512406023101085        14.4115788584424     
  0.513038493483914        14.4235101834895     
  0.513670963866744        14.4179115635977     
  0.514303434249573        14.3964964908517     
  0.514935904632403        14.3545242309320     
  0.515568375015232        14.3011162504035     
  0.516200845398062        14.2443547511991     
  0.516833315780891        14.2151411014041     
  0.517465786163721        14.2150624920744     
  0.518098256546551        14.2356984945683     
  0.518730726929380        14.2758036624606     
  0.519363197312210        14.3345590447525     
  0.519995667695039        14.4036498325770     
  0.520628138077869        14.4866989660459     
  0.521260608460698        14.6218984887957     
  0.521893078843528        14.8190764880870     
  0.522525549226357        15.0306371972843     
  0.523158019609187        15.2547051921018     
  0.523790489992016        15.4894031408671     
  0.524422960374846        15.7358521783570     
  0.525055430757675        15.9879755582112     
  0.525687901140505        16.2372385755805     
  0.526320371523335        16.4856290693143     
  0.526952841906164        16.7210549270699     
  0.527585312288994        16.8690202185805     
  0.528217782671823        16.8611915549323     
  0.528850253054653        16.8627930395083     
  0.529482723437482        16.8359052279589     
  0.530115193820312        16.7870420516698     
  0.530747664203141        16.7384263653365     
  0.531380134585971        16.7696355495896     
  0.532012604968801        16.8502793564764     
  0.532645075351630        16.9724033545747     
  0.533277545734460        17.1229793847544     
  0.533910016117289        17.2719069176912     
  0.534542486500119        17.4259410592915     
  0.535174956882948        17.5686088477973     
  0.535807427265778        17.6975922990313     
  0.536439897648607        17.8098847414159     
  0.537072368031437        17.8988525132180     
  0.537704838414266        17.9690289891307     
  0.538337308797096        18.0368856645342     
  0.538969779179926        18.0906037959884     
  0.539602249562755        18.1326109968418     
  0.540234719945585        18.1567841182714     
  0.540867190328414        18.1656468068662     
  0.541499660711244        18.1727936282155     
  0.542132131094073        18.1674840334642     
  0.542764601476903        18.2265326826574     
  0.543397071859732        18.3685402961665     
  0.544029542242562        18.5268952150713     
  0.544662012625391        18.6399339487745     
  0.545294483008221        18.6915856296550     
  0.545926953391050        18.6956310087368     
  0.546559423773880        18.6696265419237     
  0.547191894156710        18.6468938777681     
  0.547824364539539        18.6316044610976     
  0.548456834922369        18.6228175603405     
  0.549089305305198        18.6312319494580     
  0.549721775688028        18.6511881980657     
  0.550354246070857        18.6794254955803     
  0.550986716453687        18.7161643791420     
  0.551619186836516        18.7620977562125     
  0.552251657219346        18.8023493264751     
  0.552884127602175        18.8300928773242     
  0.553516597985005        18.8446370556378     
  0.554149068367835        18.8535041898484     
  0.554781538750664        18.8667279630785     
  0.555414009133494        18.8859710460160     
  0.556046479516323        18.9156083322190     
  0.556678949899153        18.9602156180773     
  0.557311420281982        19.0226098643375     
  0.557943890664812        19.1110346544604     
  0.558576361047641        19.2328910231654     
  0.559208831430471        19.3903308856225     
  0.559841301813300        19.5247691507042     
  0.560473772196130        19.6569757531754     
  0.561106242578959        19.7902459413446     
  0.561738712961789        19.9024731376741     
  0.562371183344619        19.9975086899100     
  0.563003653727448        20.0877424805372     
  0.563636124110278        20.1891830416166     
  0.564268594493107        20.3051595359494     
  0.564901064875937        20.4515613391956     
  0.565533535258766        20.6010037002874     
  0.566166005641596        20.6705414494844     
  0.566798476024425        20.7246391553091     
  0.567430946407255        20.7730353754001     
  0.568063416790084        20.8187790695779     
  0.568695887172914        20.8539711782139     
  0.569328357555744        20.8942055033333     
  0.569960827938573        20.9452053985669     
  0.570593298321403        21.0309497712666     
  0.571225768704232        21.1039175719472     
  0.571858239087062        21.1424220235499     
  0.572490709469891        21.1719007759495     
  0.573123179852721        21.1725740410066     
  0.573755650235550        21.1406873060855     
  0.574388120618380        21.0817962398323     
  0.575020591001209        21.0154135391387     
  0.575653061384039        20.9544749533891     
  0.576285531766868        20.9387922206162     
  0.576918002149698        20.9516246722585     
  0.577550472532528        20.9732195922378     
  0.578182942915357        21.0083299674154     
  0.578815413298187        21.0564523651447     
  0.579447883681016        21.1060126000625     
  0.580080354063846        21.1441840675474     
  0.580712824446675        21.2603710141182     
  0.581345294829505        21.3477726415783     
  0.581977765212334        21.4093420593344     
  0.582610235595164        21.4425461337756     
  0.583242705977993        21.4586566941886     
  0.583875176360823        21.4631630738134     
  0.584507646743653        21.3759251653650     
  0.585140117126482        21.2018051571946     
  0.585772587509312        20.9360795492317     
  0.586405057892141        20.5664975991781     
  0.587037528274971        20.0938183488689     
  0.587669998657800        19.5599643938087     
  0.588302469040630        19.0265118439849     
  0.588934939423459        18.6106125768043     
  0.589567409806289        18.2518071019403     
  0.590199880189118        17.9269047086457     
  0.590832350571948        17.6718520440767     
  0.591464820954777        17.4434253553315     
  0.592097291337607        17.2339084470768     
  0.592729761720437        17.0425040704087     
  0.593362232103266        16.8705835785777     
  0.593994702486096        16.7128140893272     
  0.594627172868925        16.5572209144338     
  0.595259643251755        16.3972930815231     
  0.595892113634584        16.2416857817142     
  0.596524584017414        16.1314855290993     
  0.597157054400243        16.0244892726118     
  0.597789524783073        15.9149345841604     
  0.598421995165903        15.8114194159991     
  0.599054465548732        15.7225131977108     
  0.599686935931562        15.6443991483987     
  0.600319406314391        15.7307017195093     
  0.600951876697221        15.7941260135786     
  0.601584347080050        15.8303896729470     
  0.602216817462880        15.8369649109335     
  0.602849287845709        15.8148950041771     
  0.603481758228539        15.7687773945737     
  0.604114228611368        15.7040644991579     
  0.604746698994198        15.6197052189860     
  0.605379169377028        15.5057738455399     
  0.606011639759857        15.3643204375184     
  0.606644110142687        15.3395385098731     
  0.607276580525516        15.3669760989492     
  0.607909050908346        15.4040060889290     
  0.608541521291175        15.4204141550808     
  0.609173991674005        15.4158012897061     
  0.609806462056834        15.4275282440217     
  0.610438932439664        15.4546446429078     
  0.611071402822493        15.5456069679879     
  0.611703873205323        15.6903074415617     
  0.612336343588152        15.7048683453606     
  0.612968813970982        15.7569036288146     
  0.613601284353812        15.8781427933837     
  0.614233754736641        16.0495442164168     
  0.614866225119471        16.2574118539534     
  0.615498695502300        16.4975957544988     
  0.616131165885130        16.7626564783097     
  0.616763636267959        17.0566723491995     
  0.617396106650789        17.3948912820607     
  0.618028577033618        18.3485553684393     
  0.618661047416448        19.7901719173291     
  0.619293517799277        21.4545994777614     
  0.619925988182107        24.2177982961669     
  0.620558458564937        24.0627430098784     
  0.621190928947766        22.5418874275796     
  0.621823399330596        21.9232734321028     
  0.622455869713425        20.6755812119374     
  0.623088340096255        19.6104815016141     
  0.623720810479084        18.3332133252933     
  0.624353280861914        17.1489625188402     
  0.624985751244743        16.1522335001672     
  0.625618221627573        15.3144443688438     
  0.626250692010402        14.6302498973320     
  0.626883162393232        18.4779361715650     
  0.627515632776061        14.9784935065140     
  0.628148103158891        14.5305392400640     
  0.628780573541721        14.1976697640907     
  0.629413043924550        13.9178780514514     
  0.630045514307380        13.7219268127880     
  0.630677984690209        13.6013010053801     
  0.631310455073039        13.4889505319149     
  0.631942925455868        13.3845947680681     
  0.632575395838698        13.2783850110364     
  0.633207866221527        13.1702428947264     
  0.633840336604357        13.0554253593826     
  0.634472806987186        12.9660034020360     
  0.635105277370016        12.8859656506284     
  0.635737747752846        12.8566757311193     
  0.636370218135675        12.7437592513614     
  0.637002688518505        12.5743268423399     
  0.637635158901334        12.4296962344204     
  0.638267629284164        12.3290149736635     
  0.638900099666993        12.2736589668456     
  0.639532570049823        12.2370649874363     
  0.640165040432652        12.2274317800620     
  0.640797510815482        12.2660526441676     
  0.641429981198311        12.3268848645715     
  0.642062451581141        12.4051293840064     
  0.642694921963970        12.5115396252658     
  0.643327392346800        12.6360578872684     
  0.643959862729630        12.7653092494067     
  0.644592333112459        12.8927977905926     
  0.645224803495289        13.0097695262709     
  0.645857273878118        13.1109072331238     
  0.646489744260948        13.2184083092740     
  0.647122214643777        13.2785689493049     
  0.647754685026607        13.3103274566493     
  0.648387155409436        13.3100854162730     
  0.649019625792266        13.2839689280051     
  0.649652096175095        13.2925439057479     
  0.650284566557925        13.3348179926794     
  0.650917036940755        13.3965549350372     
  0.651549507323584        13.4687214028152     
  0.652181977706414        13.5518975877833     
  0.652814448089243        13.6319535468292     
  0.653446918472073        13.7133125275072     
  0.654079388854902        13.9071607434637     
  0.654711859237732        14.1253050355575     
  0.655344329620561        14.3555328015509     
  0.655976800003391        14.6018235289866     
  0.656609270386220        14.8781383369739     
  0.657241740769050        15.1863850258570     
  0.657874211151880        15.4515072229468     
  0.658506681534709        15.6646497806030     
  0.659139151917539        15.9299000919402     
  0.659771622300368        16.2643454006584     
  0.660404092683198        16.7406014890081     
  0.661036563066027        17.3428624051616     
  0.661669033448857        18.0783170085720     
  0.662301503831686        18.8465844290912     
  0.662933974214516        19.5815840573149     
  0.663566444597345        20.2220146129621     
  0.664198914980175        20.7225719669681     
  0.664831385363005        21.1001810445064     
  0.665463855745834        21.4250273153873     
  0.666096326128664        21.7984576999425     
  0.666728796511493        22.2031607778050     
  0.667361266894323        22.5633680854717     
  0.667993737277152        23.0457821561110     
  0.668626207659982        23.6753510427000     
  0.669258678042811        24.4437084157728     
  0.669891148425641        25.5009204157784     
  0.670523618808470        26.8506621586342     
  0.671156089191300        28.6624927920099     
  0.671788559574130        29.9935370173463     
  0.672421029956959        30.0896587028205     
  0.673053500339789        29.1986840076341     
  0.673685970722618        28.2183887228510     
  0.674318441105448        27.4818136147436     
  0.674950911488277        26.9243018505136     
  0.675583381871107        26.5567647613757     
  0.676215852253936        26.3328830436159     
  0.676848322636766        26.2069092191724     
  0.677480793019595        26.1697144705805     
  0.678113263402425        26.2109565456162     
  0.678745733785254        26.2432270944740     
  0.679378204168084        26.1879418194392     
  0.680010674550914        26.1154921495572     
  0.680643144933743        26.0955565538732     
  0.681275615316573        26.1733434691098     
  0.681908085699402        26.3814332374256     
  0.682540556082232        26.6763324815571     
  0.683173026465061        27.0350185730477     
  0.683805496847891        27.4181896335749     
  0.684437967230720        27.6645924258985     
  0.685070437613550        27.4605335337324     
  0.685702907996379        27.0076064829318     
  0.686335378379209        26.5368117190407     
  0.686967848762039        26.0935051409958     
  0.687600319144868        25.6751898513682     
  0.688232789527698        25.2730078687825     
  0.688865259910527        24.8718994591091     
  0.689497730293357        24.3823038359662     
  0.690130200676186        23.8833639187685     
  0.690762671059016        23.3990934440915     
  0.691395141441845        22.9128437173070     
  0.692027611824675        22.4521108528103     
  0.692660082207504        22.1893257205091     
  0.693292552590334        21.9871977069022     
  0.693925022973163        21.7019765492335     
  0.694557493355993        21.4476160066244     
  0.695189963738823        21.2172645847262     
  0.695822434121652        20.9760662503237     
  0.696454904504482        20.6360781074631     
  0.697087374887311        20.1834988712711     
  0.697719845270141        19.8066459090192     
  0.698352315652970        19.5252103836799     
  0.698984786035800        19.2581676611520     
  0.699617256418629        19.0033762248762     
  0.700249726801459        18.7601785431777     
  0.700882197184288        18.5340682041951     
  0.701514667567118        18.3139327617361     
  0.702147137949948        18.0955210906435     
  0.702779608332777        17.9082113986052     
  0.703412078715607        17.7790152370837     
  0.704044549098436        17.7065723556037     
  0.704677019481266        17.7085310338611     
  0.705309489864095        17.7741406228908     
  0.705941960246925        17.8811164869472     
  0.706574430629754        18.0003261617246     
  0.707206901012584        18.1280808368056     
  0.707839371395413        18.2864962825419     
  0.708471841778243        18.4742619624409     
  0.709104312161073        18.7059588243482     
  0.709736782543902        18.9931728439818     
  0.710369252926732        19.2948372729348     
  0.711001723309561        19.6043302256892     
  0.711634193692391        19.9040249750465     
  0.712266664075220        20.1964688361945     
  0.712899134458050        20.5509495035598     
  0.713531604840879        20.9069411895002     
  0.714164075223709        21.2396623306467     
  0.714796545606538        21.5425705231253     
  0.715429015989368        21.8139248387507     
  0.716061486372197        22.0550478603142     
  0.716693956755027        22.2720520942296     
  0.717326427137857        22.4655049952858     
  0.717958897520686        22.6381842736223     
  0.718591367903516        22.8049301791259     
  0.719223838286345        22.9824097855652     
  0.719856308669175        23.1772400546965     
  0.720488779052004        23.3948770680017     
  0.721121249434834        23.6353749932667     
  0.721753719817663        24.0098900469929     
  0.722386190200493        24.6424534793785     
  0.723018660583323        25.7828117797979     
  0.723651130966152        28.0425292281306     
  0.724283601348982        29.6118318349076     
  0.724916071731811        27.5679715003810     
  0.725548542114641        27.6667726056583     
  0.726181012497470        27.3971335996465     
  0.726813482880300        27.2442792157830     
  0.727445953263129        27.1407846368017     
  0.728078423645959        26.9796487581725     
  0.728710894028788        26.8452245769969     
  0.729343364411618        26.8928459516320     
  0.729975834794447        27.6528569809282     
  0.730608305177277        28.7547546129498     
  0.731240775560107        29.0971778912600     
  0.731873245942936        28.1829774407018     
  0.732505716325766        27.3575342369397     
  0.733138186708595        26.7058946307724     
  0.733770657091425        26.1198358341512     
  0.734403127474254        25.6671416650286     
  0.735035597857084        25.3375859157885     
  0.735668068239913        25.1134193617209     
  0.736300538622743        24.9162691378042     
  0.736933009005572        24.6293572729960     
  0.737565479388402        24.1966182254989     
  0.738197949771232        23.5549877696363     
  0.738830420154061        22.6421979269032     
  0.739462890536891        21.6042972213623     
  0.740095360919720        20.4693684382398     
  0.740727831302550        19.5234639204787     
  0.741360301685379        18.6375695629966     
  0.741992772068209        17.8550222297478     
  0.742625242451038        17.2391323380512     
  0.743257712833868        16.7854992303207     
  0.743890183216697        16.4456393895599     
  0.744522653599527        16.0614181943373     
  0.745155123982357        15.7219059882018     
  0.745787594365186        15.5634060530004     
  0.746420064748016        15.4506002944750     
  0.747052535130845        15.3770363351470     
  0.747685005513675        15.3431469752137     
  0.748317475896504        15.3733742594643     
  0.748949946279334        15.4474941951891     
  0.749582416662163        15.5446749746577     
  0.750214887044993        15.6524848212167     
  0.750847357427822        15.7694505221713     
  0.751479827810652        15.8991324794638     
  0.752112298193481        16.0472742173533     
  0.752744768576311        16.2137365031130     
  0.753377238959141        16.3973468532462     
  0.754009709341970        16.6030556565947     
  0.754642179724800        16.8406920704400     
  0.755274650107629        17.1253455332280     
  0.755907120490459        17.4773603971613     
  0.756539590873288        17.9112944187770     
  0.757172061256118        18.4001932333156     
  0.757804531638947        18.8564834468558     
  0.758437002021777        19.2922716394506     
  0.759069472404606        19.6988185281805     
  0.759701942787436        20.0885544147119     
  0.760334413170266        20.4397623824960     
  0.760966883553095        20.6756956730671     
  0.761599353935925        22.0041701046621     
  0.762231824318754        23.1912221284035     
  0.762864294701584        21.1412618351810     
  0.763496765084413        21.8962686169762     
  0.764129235467243        23.0293755965614     
  0.764761705850072        22.9103680053565     
  0.765394176232902        22.6469106072350     
  0.766026646615731        22.2983773216660     
  0.766659116998561        21.8416725827338     
  0.767291587381390        21.3361216161371     
  0.767924057764220        20.8808632929967     
  0.768556528147050        20.5028659948049     
  0.769188998529879        20.1944513422136     
  0.769821468912709        19.9418980977308     
  0.770453939295538        19.7081127622861     
  0.771086409678368        19.4954405140681     
  0.771718880061197        19.2991216173550     
  0.772351350444027        19.1190586038268     
  0.772983820826856        19.0272367632938     
  0.773616291209686        19.1116388542681     
  0.774248761592515        19.2913327311716     
  0.774881231975345        25.1274904457840     
  0.775513702358175        19.6601270533983     
  0.776146172741004        19.9959552089191     
  0.776778643123834        20.3614735752391     
  0.777411113506663        20.6813187084426     
  0.778043583889493        21.0452507444046     
  0.778676054272322        21.3014930818221     
  0.779308524655152        21.4833876301256     
  0.779940995037981        21.6203052574780     
  0.780573465420811        21.6361377319185     
  0.781205935803640        21.5247790896125     
  0.781838406186470        21.2531116289156     
  0.782470876569299        20.8506487626206     
  0.783103346952129        20.3921817975437     
  0.783735817334959        19.9271924079239     
  0.784368287717788        19.5130007568644     
  0.785000758100618        19.2011620303572     
  0.785633228483447        19.0015154803594     
  0.786265698866277        18.8282928493800     
  0.786898169249106        18.6050156185090     
  0.787530639631936        18.3553010170614     
  0.788163110014765        18.1172859384164     
  0.788795580397595        17.8892637724346     
  0.789428050780425        17.7055305029794     
  0.790060521163254        17.5611240005601     
  0.790692991546084        17.3760896191442     
  0.791325461928913        17.1249033524716     
  0.791957932311743        16.7710523650427     
  0.792590402694572        16.4694952370621     
  0.793222873077402        16.2196050007048     
  0.793855343460231        15.9482188708067     
  0.794487813843061        15.5617874637094     
  0.795120284225890        15.4533406238064     
  0.795752754608720        15.3840939062877     
  0.796385224991550        15.3935800047834     
  0.797017695374379        15.5183438171906     
  0.797650165757209        15.8117924983641     
  0.798282636140038        16.2185105680381     
  0.798915106522868        16.6424151330271     
  0.799547576905697        17.0310746880248     
  0.800180047288527        17.5273747911365     
  0.800812517671356        18.3708922809187     
  0.801444988054186        19.2370730327782     
  0.802077458437015        19.8110941731385     
  0.802709928819845        21.7507384680877     
  0.803342399202674        20.8694807898731     
  0.803974869585504        18.5728298506569     
  0.804607339968334        17.6278126203846     
  0.805239810351163        16.9844447390715     
  0.805872280733993        16.6329425582471     
  0.806504751116822        16.4091303122035     
  0.807137221499652        16.2568562437230     
  0.807769691882481        16.1894959519340     
  0.808402162265311        16.1068909488727     
  0.809034632648140        16.0036849317590     
  0.809667103030970        16.0340996761146     
  0.810299573413799        16.1975598679941     
  0.810932043796629        16.4119376667076     
  0.811564514179459        16.6598504900725     
  0.812196984562288        16.9627838820363     
  0.812829454945118        17.3496119504610     
  0.813461925327947        17.8262862599109     
  0.814094395710777        18.3898372705391     
  0.814726866093606        19.0087165315886     
  0.815359336476436        19.6228869210613     
  0.815991806859265        20.0654841119120     
  0.816624277242095        20.8147478973478     
  0.817256747624924        22.4751521029338     
  0.817889218007754        20.9369928129617     
  0.818521688390583        20.5680096150428     
  0.819154158773413        20.6871138321257     
  0.819786629156243        20.7060087518892     
  0.820419099539072        20.5588411465928     
  0.821051569921902        20.3753319811955     
  0.821684040304731        20.1987753406528     
  0.822316510687561        20.0494117428909     
  0.822948981070390        19.9379496437370     
  0.823581451453220        19.8826769548082     
  0.824213921836049        19.8818926854678     
  0.824846392218879        19.9516443191185     
  0.825478862601708        20.0749941938689     
  0.826111332984538        20.2383476345189     
  0.826743803367368        20.4263790318334     
  0.827376273750197        20.6350922731150     
  0.828008744133027        20.8616386388271     
  0.828641214515856        21.1033503976711     
  0.829273684898686        21.3540779163796     
  0.829906155281515        21.6120713159139     
  0.830538625664345        21.9040410716659     
  0.831171096047174        22.2130715945681     
  0.831803566430004        22.5096619305459     
  0.832436036812833        22.8110130728818     
  0.833068507195663        23.1105290091206     
  0.833700977578492        23.4608334101322     
  0.834333447961322        24.0775591265831     
  0.834965918344152        24.4967185158457     
  0.835598388726981        25.7689710410805     
  0.836230859109811        24.8251200975107     
  0.836863329492640        24.6673057290541     
  0.837495799875470        23.6820945182479     
  0.838128270258299        23.1203671255806     
  0.838760740641129        22.5829322367285     
  0.839393211023958        22.0942129382213     
  0.840025681406788        21.6429605095784     
  0.840658151789617        21.2473872934635     
  0.841290622172447        20.9129644570942     
  0.841923092555277        20.6356848368806     
  0.842555562938106        20.3977896756168     
  0.843188033320936        20.1707827961143     
  0.843820503703765        19.9430493352336     
  0.844452974086595        19.7237773088690     
  0.845085444469424        19.5164783834763     
  0.845717914852254        19.3105089379281     
  0.846350385235083        19.1424266439153     
  0.846982855617913        19.0687468822682     
  0.847615326000742        19.0966315940231     
  0.848247796383572        19.2251339578295     
  0.848880266766401        19.4193481651557     
  0.849512737149231        19.6253041706932     
  0.850145207532061        19.7758547667207     
  0.850777677914890        19.8063996824946     
  0.851410148297720        19.7609451069082     
  0.852042618680549        19.8514014924006     
  0.852675089063379        20.1360235863461     
  0.853307559446208        20.1117882000104     
  0.853940029829038        19.5394839109662     
  0.854572500211867        18.9233347859797     
  0.855204970594697        18.4670261882834     
  0.855837440977526        18.1750464248256     
  0.856469911360356        18.0980996730791     
  0.857102381743186        18.0107206511952     
  0.857734852126015        17.8352403081666     
  0.858367322508845        17.5931195410693     
  0.858999792891674        17.3384060138175     
  0.859632263274504        17.1934787698126     
  0.860264733657333        17.2775581963595     
  0.860897204040163        17.4640365582833     
  0.861529674422992        17.7315611965634     
  0.862162144805822        18.0592417927422     
  0.862794615188651        18.4295429249055     
  0.863427085571481        18.8124357920652     
  0.864059555954310        19.2117270463630     
  0.864692026337140        19.6198239649111     
  0.865324496719970        20.0785184303503     
  0.865956967102799        20.5860673990102     
  0.866589437485629        21.1557721008188     
  0.867221907868458        21.8074934069278     
  0.867854378251288        22.3995748280285     
  0.868486848634117        22.8996505941829     
  0.869119319016947        23.3664187010478     
  0.869751789399776        23.8332522151132     
  0.870384259782606        24.2711653897264     
  0.871016730165435        24.6601681282896     
  0.871649200548265        25.0258175183680     
  0.872281670931095        25.4061638326678     
  0.872914141313924        25.7340958695268     
  0.873546611696754        25.5060072380698     
  0.874179082079583        25.0079805954771     
  0.874811552462413        25.0874950756044     
  0.875444022845242        25.4802519381755     
  0.876076493228072        25.6628896175631     
  0.876708963610901        25.5389663849775     
  0.877341433993731        25.5319697656772     
  0.877973904376560        25.4929515636343     
  0.878606374759390        25.3830449104073     
  0.879238845142220        25.1919542771572     
  0.879871315525049        25.0895974894471     
  0.880503785907879        24.8590838645747     
  0.881136256290708        24.8933961125441     
  0.881768726673538        24.5604065391479     
  0.882401197056367        24.0119816057384     
  0.883033667439197        23.4022734086033     
  0.883666137822027        22.6827920532263     
  0.884298608204856        21.9562107511792     
  0.884931078587686        21.3214940402514     
  0.885563548970515        20.7054687550137     
  0.886196019353345        20.2812884235914     
  0.886828489736174        19.8110564098663     
  0.887460960119004        19.1163941777342     
  0.888093430501833        18.4147768601956     
  0.888725900884663        17.5692457633201     
  0.889358371267492        16.8888802300241     
  0.889990841650322        16.3832020936253     
  0.890623312033151        15.9421013046354     
  0.891255782415981        15.5481548193019     
  0.891888252798811        15.1786354157095     
  0.892520723181640        14.8167211441723     
  0.893153193564470        14.4589306637323     
  0.893785663947299        14.1274591972577     
  0.894418134330129        13.8037255965999     
  0.895050604712958        13.4713466500210     
  0.895683075095788        13.1304675299348     
  0.896315545478617        12.7784229611716     
  0.896948015861447        12.4247706619224     
  0.897580486244276        12.0700144441729     
  0.898212956627106        11.7153407567065     
  0.898845427009936        11.3652638413176     
  0.899477897392765        11.0218101271890     
  0.900110367775595        10.6877012084296     
  0.900742838158424        10.3679623879927     
  0.901375308541254        10.0644333553510     
  0.902007778924083        9.77154331217278     
  0.902640249306913        9.48709551296050     
  0.903272719689742        9.20691176763527     
  0.903905190072572        8.93107943327865     
  0.904537660455401        8.65867565779283     
  0.905170130838231        8.39150827872868     
  0.905802601221060        8.12823704230302     
  0.906435071603890        7.87314830769403     
  0.907067541986720        7.64139023166891     
  0.907700012369549        7.29129520913535     
  0.908332482752379        7.08714653444481     
  0.908964953135208        6.94703058213391     
  0.909597423518038        6.83683546253409     
  0.910229893900867        6.69131851745312     
  0.910862364283697        6.54379003839061     
  0.911494834666526        6.35381458681022     
  0.912127305049356        6.09110035974325     
  0.912759775432185        5.74851861258815     
  0.913392245815015        5.40386941249252     
  0.914024716197845        5.13315381880495     
  0.914657186580674        4.90341940742156     
  0.915289656963504        4.68040006286415     
  0.915922127346333        4.48380600375713     
  0.916554597729163        4.33311074549015     
  0.917187068111992        4.19577655294102     
  0.917819538494822        4.05877721160826     
  0.918452008877651        3.91507314234042     
  0.919084479260481        3.77469051976807     
  0.919716949643310        3.64684367601810     
  0.920349420026140        3.52757765786007     
  0.920981890408969        3.42154272508828     
  0.921614360791799        3.32407587662417     
  0.922246831174629        3.23789164244919     
  0.922879301557458        3.15977954871666     
  0.923511771940288        3.08416373271436     
  0.924144242323117        3.00905147855978     
  0.924776712705947        2.93354961129974     
  0.925409183088776        2.86007459951206     
  0.926041653471606        2.79011419344432     
  0.926674123854435        2.72435571243645     
  0.927306594237265        2.66348604228885     
  0.927939064620094        2.60229487287969     
  0.928571535002924        2.53816310168431     
  0.929204005385754        2.47279941690562     
  0.929836475768583        2.40690909371476     
  0.930468946151413        2.33893753045694     
  0.931101416534242        2.26821001109949     
  0.931733886917072        2.19269634291314     
  0.932366357299901        2.11903585082422     
  0.932998827682731        2.05352686672168     
  0.933631298065560        2.00185991312528     
  0.934263768448390        1.95515064639474     
  0.934896238831219        1.91159150603134     
  0.935528709214049        1.86268637906139     
  0.936161179596879        1.77612985712212     
  0.936793649979708        1.66983779557683     
  0.937426120362538        1.58986303825020     
  0.938058590745367        1.56160705392130     
  0.938691061128197        1.53335390539328     
  0.939323531511026        1.49708634631884     
  0.939956001893856        1.46147752442954     
  0.940588472276685        1.42638451686442     
  0.941220942659515        1.39180732362348     
  0.941853413042344        1.35774594470672     
  0.942485883425174        1.32420038011413     
  0.943118353808003        1.29116970015556     
  0.943750824190833        1.25863545310989     
  0.944383294573663        1.22656567102554     
  0.945015764956492        1.19490065043801     
  0.945648235339322        1.16360929112590     
  0.946280705722151        1.13270698898810     
  0.946913176104981        1.10215693210442     
  0.947545646487810        1.07189588872061     
  0.948178116870640        1.04191563946146     
  0.948810587253469        1.01222284965171     
  0.949443057636299       0.982856556974924     
  0.950075528019128       0.953834417477379     
  0.950707998401958       0.925189131078246     
  0.951340468784788       0.896948426489191     
  0.951972939167617       0.869088660002254     
  0.952605409550447       0.841581916501474     
  0.953237879933276       0.814420430212750     
  0.953870350316106       0.787604201136080     
  0.954502820698935       0.761136498066117     
  0.955135291081765       0.735083184379491     
  0.955767761464594       0.709692963505283     
  0.956400231847424       0.685200994574917     
  0.957032702230253       0.661599923243843     
  0.957665172613083       0.638865856417418     
  0.958297642995912       0.616956818456341     
  0.958930113378742       0.595882929789327     
  0.959562583761572       0.575757706012258     
  0.960195054144401       0.556471043212264     
  0.960827524527231       0.539256926016334     
  0.961459994910060       0.525262426930668     
  0.962092465292890       0.511708767870813     
  0.962724935675719       0.498763454120685     
  0.963357406058549       0.486636420957567     
  0.963989876441378       0.475579790878480     
  0.964622346824208       0.467085524154701     
  0.965254817207037       0.459110644184409     
  0.965887287589867       0.451430233606130     
  0.966519757972697       0.443991467671175     
  0.967152228355526       0.436804425490556     
  0.967784698738356       0.429896727228435     
  0.968417169121185       0.423178808162630     
  0.969049639504015       0.416546133991632     
  0.969682109886844       0.409996072886845     
  0.970314580269674       0.403528624848267     
  0.970947050652503       0.397143789875900     
  0.971579521035333       0.390841567969743     
  0.972211991418162       0.384621959129797     
  0.972844461800992       0.378484963356060     
  0.973476932183821       0.372430580648535     
  0.974109402566651       0.366458811007219     
  0.974741872949481       0.360569654432114     
  0.975374343332310       0.354763110923219     
  0.976006813715140       0.349039180480534     
  0.976639284097969       0.343397863104060     
  0.977271754480799       0.337839158793796     
  0.977904224863628       0.332361808385726     
  0.978536695246458       0.326956818158525     
  0.979169165629287       0.321643863162816     
  0.979801636012117       0.316487411305909     
  0.980434106394946       0.311473276969189     
  0.981066576777776       0.306578853258260     
  0.981699047160606       0.302668975217867     
  0.982331517543435       0.299133176739131     
  0.982963987926265       0.295743240649158     
  0.983596458309094       0.292485078472329     
  0.984228928691924       0.289344684929421     
  0.984861399074753       0.286321522454485     
  0.985493869457583       0.283402437859900     
  0.986126339840412       0.280522591070593     
  0.986758810223242       0.277660222627304     
  0.987391280606071       0.274815332530033     
  0.988023750988901       0.271987609008483     
  0.988656221371730       0.269173909303809     
  0.989288691754560       0.266372909874664     
  0.989921162137390       0.263583020903731     
  0.990553632520219       0.260803685118401     
  0.991186102903049       0.258034902518675     
  0.991818573285878       0.255276670654983     
  0.992451043668708       0.252527137097734     
  0.993083514051537       0.249783540871500     
  0.993715984434367       0.247045033600664     
  0.994348454817196       0.244309880030919     
  0.994980925200026       0.241573555127167     
  0.995613395582855       0.238828294147372     
  0.996245865965685       0.236069335799187     
  0.996878336348515       0.233292154350450     
  0.997510806731344       0.230495816543530     
  0.998143277114174       0.227679280667739     
  0.998775747497003       0.224832964001746     
  0.999408217879833       0.221961560927998     
   1.00004068826266       0.219331974684940     
   1.00067315864549       0.217143943501768     
   1.00130562902832       0.215444655926010     
   1.00193809941115       0.214349534409484     
   1.00257056979398       0.213146633188591     
   1.00320304017681       0.211328412997323     
   1.00383551055964       0.208877739353547     
   1.00446798094247       0.206586997097134     
   1.00510045132530       0.204615609698199     
   1.00573292170813       0.202589768341743     
   1.00636539209096       0.200560338686370     
   1.00699786247379       0.198527320732080     
   1.00763033285662       0.196490714478873     
   1.00826280323945       0.194450519926749     
   1.00889527362228       0.192406737075708     
   1.00952774400511       0.190359365925750     
   1.01016021438793       0.188308406476875     
   1.01079268477076       0.186253858729083     
   1.01142515515359       0.184195722682374     
   1.01205762553642       0.182133998336747     
   1.01269009591925       0.180068685692204     
   1.01332256630208       0.177999784748743     
   1.01395503668491       0.175927295506365     
   1.01458750706774       0.173851217965071     
   1.01521997745057       0.171771552124860     
   1.01585244783340       0.169688297985731     
   1.01648491821623       0.167601455547686     
   1.01711738859906       0.165511024810723     
   1.01774985898189       0.163417005774843     
   1.01838232936472       0.161319398440047     
   1.01901479974755       0.159218202806333     
   1.01964727013038       0.157113418873703     
   1.02027974051321       0.155005046642155     
   1.02091221089604       0.152893086111690     
   1.02154468127887       0.150777537282308     
   1.02217715166170       0.148658400154009     
   1.02280962204453       0.146535674726794     
   1.02344209242736       0.144409361000661     
   1.02407456281019       0.142279458975611     
   1.02470703319301       0.140145968651644     
   1.02533950357584       0.138008890028760     
   1.02597197395867       0.135868223106959     
   1.02660444434150       0.133723967886241     
   1.02723691472433       0.131576124366606     
   1.02786938510716       0.129424692548054     
   1.02850185548999       0.127269672430585     
   1.02913432587282       0.125111064014199     
   1.02976679625565       0.122948867298895     
   1.03039926663848       0.120783082284675     
   1.03103173702131       0.118613708971538     
   1.03166420740414       0.116440747359484     
   1.03229667778697       0.114264197448512     
   1.03292914816980       0.112084059238624     
   1.03356161855263       0.109900332729818     
   1.03419408893546       0.107713017922096     
   1.03482655931829       0.105522114815457     
   1.03545902970112       0.103327623409900     
   1.03609150008395       0.101129543705427     
   1.03672397046678       9.892787570203598E-002
   1.03735644084961       9.672261939972841E-002
   1.03798891123243       9.451377479850381E-002
   1.03862138161526       9.230134189836210E-002
   1.03925385199809       9.008532069930344E-002
   1.03988632238092       8.786570040203281E-002
   1.04051879276375       8.564181822678581E-002
   1.04115126314658       8.341277171080613E-002
   1.04178373352941       8.117851168373474E-002
   1.04241620391224       7.893903814557159E-002
   1.04304867429507       7.669435109631675E-002
   1.04368114467790       7.444445053597025E-002
   1.04431361506073       7.218933646453199E-002
   1.04494608544356       6.992900888200199E-002
   1.04557855582639       6.766346778838032E-002
   1.04621102620922       6.539271318366691E-002
   1.04684349659205       6.311674506786175E-002
