 Total Energy   -31.8281579366067     
 Harris Energy  -31.8281579366067     
 Ion-Ion                      -33.5985844289131     
 Local Potential              -18.5109505096251     
 Ion Local Potential          -10.4443616695438     
 Hartree Energy                2.20574110576884     
 Exchange-Correlation Energy  -9.56972769443937     
 Exchange Energy              -8.07448330126739     
 Correlation Energy           -1.49524439317198     
 Sum of eigenvalues            1.06782424089557     
 Fermi energy                 0.228677152232400     
 Eigenvalues
   k     n          esp(n,k,s)    esp_err   occ(n,k,s)  
   1     1  -0.156897978295381 -0.10284E-11  0.62500E-01
   1     2  -0.130021906737897  0.88675E-10  0.62500E-01
   1     3  -0.130021906645274  0.27107E-10  0.62500E-01
   1     4  -0.130021906442585 -0.11908E-09  0.62500E-01
   1     5  -0.028494975973593  0.19577E-11  0.62500E-01
   1     6  -0.028494975962860  0.18722E-11  0.62500E-01
   1     7  -0.028494975958933 -0.63635E-11  0.62500E-01
   1     8   0.000918801643574 -0.83206E-12  0.62500E-01
   1     9   0.134997038791494  0.77365E-10  0.62500E-01
   1    10   0.134997038872832  0.22795E-10  0.62500E-01
   1    11   0.134997039046378 -0.10314E-09  0.62500E-01
   1    12   0.161436066326272  0.57341E-10  0.62500E-01
   1    13   0.161436066423678 -0.12492E-10  0.62500E-01
   1    14   0.161436066469204 -0.48367E-10  0.62500E-01
   1    15   0.178813110101977 -0.11216E-11  0.62500E-01
   1    16   0.178813110104835 -0.14002E-11  0.62500E-01
   1    17   0.276814336946426 -0.70166E-12   0.0000    
   1    18   0.297003837749773  0.84256E-11   0.0000    
   1    19   0.297003837752031 -0.30360E-11   0.0000    
   1    20   0.297003837758771 -0.81788E-11   0.0000    
   1    21   0.345294279006883 -0.97563E-08   0.0000    
   1    22   0.345519944753784 -0.18273E-05   0.0000    
   1    23   0.345912866880842 -0.16111E-07   0.0000    
   1    24   0.345912929014650 -0.50690E-07   0.0000    
   2     1  -0.156897978294854 -0.97150E-12  0.62500E-01
   2     2  -0.130021906736695  0.89167E-10  0.62500E-01
   2     3  -0.130021906597820 -0.16513E-10  0.62500E-01
   2     4  -0.130021906492307 -0.76067E-10  0.62500E-01
   2     5  -0.028494975971983 -0.15408E-11  0.62500E-01
   2     6  -0.028494975961946  0.20287E-11  0.62500E-01
   2     7  -0.028494975958833 -0.27403E-11  0.62500E-01
   2     8   0.000918801641743 -0.10262E-11  0.62500E-01
   2     9   0.134997038791503  0.78670E-10  0.62500E-01
   2    10   0.134997038912741 -0.14677E-10  0.62500E-01
   2    11   0.134997039002110 -0.67429E-10  0.62500E-01
   2    12   0.161436066351560  0.41237E-10  0.62500E-01
   2    13   0.161436066400336  0.88473E-11  0.62500E-01
   2    14   0.161436066470122 -0.53326E-10  0.62500E-01
   2    15   0.178813110101948 -0.11084E-11  0.62500E-01
   2    16   0.178813110105989 -0.12869E-11  0.62500E-01
   2    17   0.276814336947140 -0.63693E-12   0.0000    
   2    18   0.297003837749044  0.12966E-10   0.0000    
   2    19   0.297003837756255 -0.41853E-11   0.0000    
   2    20   0.297003837757734 -0.11220E-10   0.0000    
   2    21   0.345294288547660 -0.16219E-07   0.0000    
   2    22   0.345417107144807 -0.17018E-05   0.0000    
   2    23   0.345912848599694 -0.49976E-08   0.0000    
   2    24   0.345912884200330 -0.28553E-07   0.0000    
   3     1  -0.173337276467285 -0.94810E-12  0.62500E-01
   3     2  -0.137572413175632  0.61471E-10  0.62500E-01
   3     3  -0.137572412987217 -0.63604E-10  0.62500E-01
   3     4  -0.111461959425344 -0.11247E-11  0.62500E-01
   3     5  -0.024048721846034 -0.10076E-11  0.62500E-01
   3     6   0.005273299958956  0.20464E-10  0.62500E-01
   3     7   0.005273299996982 -0.22417E-10  0.62500E-01
   3     8   0.049552416745739 -0.11790E-11  0.62500E-01
   3     9   0.071903907756070 -0.77537E-12  0.62500E-01
   3    10   0.096689559827355  0.13017E-10  0.62500E-01
   3    11   0.096689559844101 -0.14716E-10  0.62500E-01
   3    12   0.133799960566562 -0.89886E-12  0.62500E-01
   3    13   0.147878283790372  0.75013E-10  0.62500E-01
   3    14   0.147878284023578 -0.77122E-10  0.62500E-01
   3    15   0.149569120781421 -0.10356E-11  0.62500E-01
   3    16   0.190233933853666 -0.12158E-11  0.62500E-01
   3    17   0.284597964018861 -0.12107E-12   0.0000    
   3    18   0.315910004253659 -0.66080E-12   0.0000    
   3    19   0.322542617416382  0.13038E-10   0.0000    
   3    20   0.322542617430826 -0.13814E-10   0.0000    
   3    21   0.347332387316675  0.71331E-10   0.0000    
   3    22   0.347332387544588 -0.72545E-10   0.0000    
   3    23   0.353464416805273 -0.54373E-12   0.0000    
   3    24   0.358684897919212 -0.77643E-12   0.0000    
   4     1  -0.173337276467438 -0.96564E-12  0.62500E-01
   4     2  -0.137572413175623  0.61474E-10  0.62500E-01
   4     3  -0.137572412987202 -0.63603E-10  0.62500E-01
   4     4  -0.111461959424647 -0.10492E-11  0.62500E-01
   4     5  -0.024048721847827 -0.11990E-11  0.62500E-01
   4     6   0.005273299958778  0.20416E-10  0.62500E-01
   4     7   0.005273299996702 -0.22420E-10  0.62500E-01
   4     8   0.049552416746994 -0.10472E-11  0.62500E-01
   4     9   0.071903907757246 -0.65120E-12  0.62500E-01
   4    10   0.096689559828023  0.13218E-10  0.62500E-01
   4    11   0.096689559845235 -0.14721E-10  0.62500E-01
   4    12   0.133799960565406 -0.10201E-11  0.62500E-01
   4    13   0.147878283789879  0.74852E-10  0.62500E-01
   4    14   0.147878284022658 -0.77107E-10  0.62500E-01
   4    15   0.149569120781320 -0.10449E-11  0.62500E-01
   4    16   0.190233933853893 -0.11970E-11  0.62500E-01
   4    17   0.284597964018718 -0.14594E-12   0.0000    
   4    18   0.315910004253452 -0.66491E-12   0.0000    
   4    19   0.322542617415563  0.12882E-10   0.0000    
   4    20   0.322542617429616 -0.13912E-10   0.0000    
   4    21   0.347332387316751  0.71334E-10   0.0000    
   4    22   0.347332387544496 -0.72538E-10   0.0000    
   4    23   0.353464416804253 -0.63122E-12   0.0000    
   4    24   0.358684897918334 -0.73974E-12   0.0000    
   5     1  -0.156897978294199 -0.10609E-11  0.62500E-01
   5     2  -0.130021906752088  0.10026E-09  0.62500E-01
   5     3  -0.130021906580516 -0.24230E-10  0.62500E-01
   5     4  -0.130021906495550 -0.79264E-10  0.62500E-01
   5     5  -0.028494975969945  0.55499E-11  0.62500E-01
   5     6  -0.028494975963581 -0.59636E-11  0.62500E-01
   5     7  -0.028494975955899 -0.22874E-11  0.62500E-01
   5     8   0.000918801639386 -0.71092E-12  0.62500E-01
   5     9   0.134997038776589  0.86808E-10  0.62500E-01
   5    10   0.134997038925449 -0.20849E-10  0.62500E-01
   5    11   0.134997038998832 -0.68636E-10  0.62500E-01
   5    12   0.161436066353743  0.39084E-10  0.62500E-01
   5    13   0.161436066394754  0.94427E-11  0.62500E-01
   5    14   0.161436066477035 -0.52264E-10  0.62500E-01
   5    15   0.178813110103829 -0.13868E-11  0.62500E-01
   5    16   0.178813110105686 -0.12304E-11  0.62500E-01
   5    17   0.276814336948441 -0.74879E-12   0.0000    
   5    18   0.297003837750450  0.66807E-11   0.0000    
   5    19   0.297003837756335  0.57621E-13   0.0000    
   5    20   0.297003837758647 -0.92660E-11   0.0000    
   5    21   0.345294266339676 -0.33278E-08   0.0000    
   5    22   0.345327782835134 -0.67060E-06   0.0000    
   5    23   0.345912851072274 -0.66973E-08   0.0000    
   5    24   0.345912902401722 -0.33579E-07   0.0000    
   6     1  -0.156897978295007 -0.10045E-11  0.62500E-01
   6     2  -0.130021906751885  0.98013E-10  0.62500E-01
   6     3  -0.130021906622582  0.16518E-10  0.62500E-01
   6     4  -0.130021906452048 -0.11788E-09  0.62500E-01
   6     5  -0.028494975971071  0.38920E-11  0.62500E-01
   6     6  -0.028494975966730  0.64240E-12  0.62500E-01
   6     7  -0.028494975955728 -0.69369E-11  0.62500E-01
   6     8   0.000918801642283 -0.92739E-12  0.62500E-01
   6     9   0.134997038779555  0.83969E-10  0.62500E-01
   6    10   0.134997038890402  0.15174E-10  0.62500E-01
   6    11   0.134997039037713 -0.10235E-09  0.62500E-01
   6    12   0.161436066329929  0.55123E-10  0.62500E-01
   6    13   0.161436066415354 -0.11492E-10  0.62500E-01
   6    14   0.161436066475852 -0.47012E-10  0.62500E-01
   6    15   0.178813110101791 -0.11332E-11  0.62500E-01
   6    16   0.178813110105774 -0.12984E-11  0.62500E-01
   6    17   0.276814336946959 -0.64138E-12   0.0000    
   6    18   0.297003837750433  0.21638E-11   0.0000    
   6    19   0.297003837751974  0.10169E-11   0.0000    
   6    20   0.297003837759720 -0.55177E-11   0.0000    
   6    21   0.345294272175919 -0.71137E-08   0.0000    
   6    22   0.345457519266788 -0.17865E-05   0.0000    
   6    23   0.345912858674626 -0.10130E-07   0.0000    
   6    24   0.345912975453647 -0.73540E-07   0.0000    
   7     1  -0.173337276467124 -0.97114E-12  0.62500E-01
   7     2  -0.137572413180074  0.66344E-10  0.62500E-01
   7     3  -0.137572412984231 -0.68385E-10  0.62500E-01
   7     4  -0.111461959423001 -0.12131E-11  0.62500E-01
   7     5  -0.024048721851407 -0.82864E-12  0.62500E-01
   7     6   0.005273299960903  0.14626E-10  0.62500E-01
   7     7   0.005273299999991 -0.16895E-10  0.62500E-01
   7     8   0.049552416744889 -0.10501E-11  0.62500E-01
   7     9   0.071903907757298 -0.73415E-12  0.62500E-01
   7    10   0.096689559827847  0.69999E-11  0.62500E-01
   7    11   0.096689559845321 -0.87290E-11  0.62500E-01
   7    12   0.133799960565009 -0.85384E-12  0.62500E-01
   7    13   0.147878283782442  0.81772E-10  0.62500E-01
   7    14   0.147878284025437 -0.83588E-10  0.62500E-01
   7    15   0.149569120783279 -0.11601E-11  0.62500E-01
   7    16   0.190233933856732 -0.13878E-11  0.62500E-01
   7    17   0.284597964021045 -0.30853E-12   0.0000    
   7    18   0.315910004255227 -0.73702E-12   0.0000    
   7    19   0.322542617415982  0.65714E-11   0.0000    
   7    20   0.322542617430421 -0.74766E-11   0.0000    
   7    21   0.347332387309510  0.79552E-10   0.0000    
   7    22   0.347332387546671 -0.80406E-10   0.0000    
   7    23   0.353464416802658 -0.50937E-12   0.0000    
   7    24   0.358684897918629 -0.61878E-12   0.0000    
   8     1  -0.173337276466890 -0.98743E-12  0.62500E-01
   8     2  -0.137572413180096  0.66341E-10  0.62500E-01
   8     3  -0.137572412984244 -0.68380E-10  0.62500E-01
   8     4  -0.111461959424079 -0.11356E-11  0.62500E-01
   8     5  -0.024048721848577 -0.10378E-11  0.62500E-01
   8     6   0.005273299961327  0.14701E-10  0.62500E-01
   8     7   0.005273300000230 -0.17013E-10  0.62500E-01
   8     8   0.049552416742885 -0.89657E-12  0.62500E-01
   8     9   0.071903907755396 -0.58617E-12  0.62500E-01
   8    10   0.096689559826072  0.66557E-11  0.62500E-01
   8    11   0.096689559844420 -0.81973E-11  0.62500E-01
   8    12   0.133799960566886 -0.10060E-11  0.62500E-01
   8    13   0.147878283783968  0.82091E-10  0.62500E-01
   8    14   0.147878284026071 -0.84075E-10  0.62500E-01
   8    15   0.149569120783421 -0.11683E-11  0.62500E-01
   8    16   0.190233933856413 -0.13687E-11  0.62500E-01
   8    17   0.284597964021244 -0.31852E-12   0.0000    
   8    18   0.315910004255932 -0.80652E-12   0.0000    
   8    19   0.322542617417575  0.68552E-11   0.0000    
   8    20   0.322542617431670 -0.78921E-11   0.0000    
   8    21   0.347332387309605  0.79703E-10   0.0000    
   8    22   0.347332387546609 -0.80562E-10   0.0000    
   8    23   0.353464416806572 -0.43437E-11   0.0000    
   8    24   0.358684897924933 -0.81968E-11   0.0000    
   9     1  -0.173337276466965 -0.99246E-12  0.62500E-01
   9     2  -0.137572413113834  0.23281E-10  0.62500E-01
   9     3  -0.137572413049980 -0.25282E-10  0.62500E-01
   9     4  -0.111461959424846 -0.11901E-11  0.62500E-01
   9     5  -0.024048721846892 -0.90513E-12  0.62500E-01
   9     6   0.005273299973163  0.13799E-11  0.62500E-01
   9     7   0.005273299986647 -0.38410E-11  0.62500E-01
   9     8   0.049552416743297 -0.86076E-12  0.62500E-01
   9     9   0.071903907755187 -0.63152E-12  0.62500E-01
   9    10   0.096689559831756 -0.12180E-11  0.62500E-01
   9    11   0.096689559838152 -0.30814E-12  0.62500E-01
   9    12   0.133799960567383 -0.98935E-12  0.62500E-01
   9    13   0.147878283866974  0.29454E-10  0.62500E-01
   9    14   0.147878283945069 -0.31295E-10  0.62500E-01
   9    15   0.149569120782750 -0.12180E-11  0.62500E-01
   9    16   0.190233933855321 -0.14486E-11  0.62500E-01
   9    17   0.284597964020349 -0.35011E-12   0.0000    
   9    18   0.315910004255314 -0.83644E-12   0.0000    
   9    19   0.322542617422258 -0.94785E-12   0.0000    
   9    20   0.322542617427237 -0.11474E-12   0.0000    
   9    21   0.347332387390733  0.29545E-10   0.0000    
   9    22   0.347332387467418 -0.30334E-10   0.0000    
   9    23   0.353464416805165 -0.97239E-12   0.0000    
   9    24   0.358684897922176 -0.44169E-11   0.0000    
  10     1  -0.173337276467255 -0.95310E-12  0.62500E-01
  10     2  -0.137572413094261  0.14791E-10  0.62500E-01
  10     3  -0.137572413069109 -0.16957E-10  0.62500E-01
  10     4  -0.111461959424375 -0.10283E-11  0.62500E-01
  10     5  -0.024048721848244 -0.12421E-11  0.62500E-01
  10     6   0.005273299974345  0.50838E-11  0.62500E-01
  10     7   0.005273299983207 -0.69255E-11  0.62500E-01
  10     8   0.049552416745696 -0.11532E-11  0.62500E-01
  10     9   0.071903907756651 -0.67191E-12  0.62500E-01
  10    10   0.096689559833180  0.38509E-11  0.62500E-01
  10    11   0.096689559839437 -0.54474E-11  0.62500E-01
  10    12   0.133799960565755 -0.97145E-12  0.62500E-01
  10    13   0.147878283890119  0.17837E-10  0.62500E-01
  10    14   0.147878283921326 -0.20163E-10  0.62500E-01
  10    15   0.149569120782032 -0.97736E-12  0.62500E-01
  10    16   0.190233933854739 -0.11147E-11  0.62500E-01
  10    17   0.284597964019711 -0.12984E-12   0.0000    
  10    18   0.315910004254289 -0.60285E-12   0.0000    
  10    19   0.322542617420373  0.36047E-11   0.0000    
  10    20   0.322542617426117 -0.45274E-11   0.0000    
  10    21   0.347332387414645  0.17225E-10   0.0000    
  10    22   0.347332387444644 -0.18525E-10   0.0000    
  10    23   0.353464416804237 -0.66791E-12   0.0000    
  10    24   0.358684897918695 -0.67735E-12   0.0000    
  11     1  -0.192154085152519 -0.93039E-12  0.62500E-01
  11     2  -0.153359929674605 -0.99817E-12  0.62500E-01
  11     3  -0.091422449655627  0.69741E-10  0.62500E-01
  11     4  -0.091422449468583 -0.72042E-10  0.62500E-01
  11     5  -0.034300850505929  0.35395E-10  0.62500E-01
  11     6  -0.034300850405580 -0.37701E-10  0.62500E-01
  11     7   0.038478749974551 -0.11865E-11  0.62500E-01
  11     8   0.069297968771064  0.37735E-10  0.62500E-01
  11     9   0.069297968877448 -0.39003E-10  0.62500E-01
  11    10   0.100784625725069 -0.12212E-11  0.62500E-01
  11    11   0.109935201565046  0.11363E-10  0.62500E-01
  11    12   0.109935201605760 -0.12959E-10  0.62500E-01
  11    13   0.120601614999389 -0.94805E-12  0.62500E-01
  11    14   0.137770922602289 -0.10187E-11  0.62500E-01
  11    15   0.170307659331868 -0.11079E-11  0.62500E-01
  11    16   0.172954543194207 -0.10775E-11  0.62500E-01
  11    17   0.266608855841915 -0.25163E-12   0.0000    
  11    18   0.296167821327913 -0.51081E-12   0.0000    
  11    19   0.304547178669150  0.27742E-11   0.0000    
  11    20   0.304547178670333 -0.33994E-11   0.0000    
  11    21   0.323035898679864 -0.19412E-12   0.0000    
  11    22   0.352120529017467 -0.52183E-10   0.0000    
  11    23   0.373854965690186 -0.13327E-08   0.0000    
  11    24   0.373997960897461 -0.27509E-04   0.0000    
  12     1  -0.192154085152434 -0.94277E-12  0.62500E-01
  12     2  -0.153359929674555 -0.97361E-12  0.62500E-01
  12     3  -0.091422449616845  0.39544E-10  0.62500E-01
  12     4  -0.091422449508994 -0.41828E-10  0.62500E-01
  12     5  -0.034300850483488  0.23886E-10  0.62500E-01
  12     6  -0.034300850424587 -0.26256E-10  0.62500E-01
  12     7   0.038478749974592 -0.13675E-11  0.62500E-01
  12     8   0.069297968790677  0.25376E-10  0.62500E-01
  12     9   0.069297968854182 -0.26476E-10  0.62500E-01
  12    10   0.100784625723400 -0.97511E-12  0.62500E-01
  12    11   0.109935201573152  0.13070E-10  0.62500E-01
  12    12   0.109935201599565 -0.14774E-10  0.62500E-01
  12    13   0.120601614996686 -0.72317E-12  0.62500E-01
  12    14   0.137770922604645 -0.10609E-11  0.62500E-01
  12    15   0.170307659334705 -0.11380E-11  0.62500E-01
  12    16   0.172954543192976 -0.13484E-11  0.62500E-01
  12    17   0.266608855843968 -0.27123E-12   0.0000    
  12    18   0.296167821329197 -0.44087E-12   0.0000    
  12    19   0.304547178668549  0.50359E-11   0.0000    
  12    20   0.304547178671509 -0.58919E-11   0.0000    
  12    21   0.323035898678162 -0.20461E-12   0.0000    
  12    22   0.352120529039230 -0.64933E-10   0.0000    
  12    23   0.373856242726397 -0.53623E-06   0.0000    
  12    24   0.373891510176752 -0.74201E-05   0.0000    
  13     1  -0.173337276467308 -0.98227E-12  0.62500E-01
  13     2  -0.137572413113801  0.23282E-10  0.62500E-01
  13     3  -0.137572413049959 -0.25284E-10  0.62500E-01
  13     4  -0.111461959423272 -0.12333E-11  0.62500E-01
  13     5  -0.024048721850988 -0.78828E-12  0.62500E-01
  13     6   0.005273299972546  0.13462E-11  0.62500E-01
  13     7   0.005273299986274 -0.37817E-11  0.62500E-01
  13     8   0.049552416746183 -0.94634E-12  0.62500E-01
  13     9   0.071903907757913 -0.71224E-12  0.62500E-01
  13    10   0.096689559834274 -0.10818E-11  0.62500E-01
  13    11   0.096689559839587 -0.55607E-12  0.62500E-01
  13    12   0.133799960564704 -0.90417E-12  0.62500E-01
  13    13   0.147878283864902  0.29327E-10  0.62500E-01
  13    14   0.147878283943999 -0.31068E-10  0.62500E-01
  13    15   0.149569120782534 -0.12108E-11  0.62500E-01
  13    16   0.190233933855805 -0.14657E-11  0.62500E-01
  13    17   0.284597964020043 -0.34844E-12   0.0000    
  13    18   0.315910004254451 -0.80752E-12   0.0000    
  13    19   0.322542617419768 -0.10636E-11   0.0000    
  13    20   0.322542617425382  0.80769E-13   0.0000    
  13    21   0.347332387390586  0.29469E-10   0.0000    
  13    22   0.347332387467512 -0.30258E-10   0.0000    
  13    23   0.353464416802719 -0.43304E-12   0.0000    
  13    24   0.358684897918674 -0.12398E-11   0.0000    
  14     1  -0.173337276467210 -0.94297E-12  0.62500E-01
  14     2  -0.137572413094268  0.14785E-10  0.62500E-01
  14     3  -0.137572413069110 -0.16954E-10  0.62500E-01
  14     4  -0.111461959424577 -0.10713E-11  0.62500E-01
  14     5  -0.024048721847717 -0.11432E-11  0.62500E-01
  14     6   0.005273299974481  0.51906E-11  0.62500E-01
  14     7   0.005273299983199 -0.69987E-11  0.62500E-01
  14     8   0.049552416745323 -0.12174E-11  0.62500E-01
  14     9   0.071903907756299 -0.72993E-12  0.62500E-01
  14    10   0.096689559832613  0.33730E-11  0.62500E-01
  14    11   0.096689559839478 -0.50878E-11  0.62500E-01
  14    12   0.133799960566109 -0.91699E-12  0.62500E-01
  14    13   0.147878283890604  0.18287E-10  0.62500E-01
  14    14   0.147878283921271 -0.20537E-10  0.62500E-01
  14    15   0.149569120782059 -0.97211E-12  0.62500E-01
  14    16   0.190233933854675 -0.11295E-11  0.62500E-01
  14    17   0.284597964019747 -0.11219E-12   0.0000    
  14    18   0.315910004254345 -0.64004E-12   0.0000    
  14    19   0.322542617420933  0.39014E-11   0.0000    
  14    20   0.322542617426083 -0.46249E-11   0.0000    
  14    21   0.347332387414776  0.17321E-10   0.0000    
  14    22   0.347332387444515 -0.18641E-10   0.0000    
  14    23   0.353464416804527 -0.60213E-12   0.0000    
  14    24   0.358684897918901 -0.55050E-12   0.0000    
  15     1  -0.192154085152566 -0.92237E-12  0.62500E-01
  15     2  -0.153359929674277 -0.10108E-11  0.62500E-01
  15     3  -0.091422449616758  0.39499E-10  0.62500E-01
  15     4  -0.091422449508899 -0.41810E-10  0.62500E-01
  15     5  -0.034300850483791  0.24047E-10  0.62500E-01
  15     6  -0.034300850424919 -0.26325E-10  0.62500E-01
  15     7   0.038478749972405 -0.10807E-11  0.62500E-01
  15     8   0.069297968791501  0.24868E-10  0.62500E-01
  15     9   0.069297968855099 -0.26218E-10  0.62500E-01
  15    10   0.100784625726080 -0.13268E-11  0.62500E-01
  15    11   0.109935201572614  0.13447E-10  0.62500E-01
  15    12   0.109935201598966 -0.14990E-10  0.62500E-01
  15    13   0.120601614999149 -0.10388E-11  0.62500E-01
  15    14   0.137770922604558 -0.10491E-11  0.62500E-01
  15    15   0.170307659334861 -0.11612E-11  0.62500E-01
  15    16   0.172954543189684 -0.92301E-12  0.62500E-01
  15    17   0.266608855843242 -0.19817E-12   0.0000    
  15    18   0.296167821329751 -0.49744E-12   0.0000    
  15    19   0.304547178667209  0.56374E-11   0.0000    
  15    20   0.304547178670004 -0.60859E-11   0.0000    
  15    21   0.323035898678325 -0.20567E-12   0.0000    
  15    22   0.352120529456529 -0.41387E-09   0.0000    
  15    23   0.373855029625229 -0.29151E-07   0.0000    
  15    24   0.374187972018764 -0.59575E-04   0.0000    
  16     1  -0.192154085152595 -0.93553E-12  0.62500E-01
  16     2  -0.153359929674446 -0.98663E-12  0.62500E-01
  16     3  -0.091422449655568  0.69732E-10  0.62500E-01
  16     4  -0.091422449468527 -0.72028E-10  0.62500E-01
  16     5  -0.034300850506133  0.35426E-10  0.62500E-01
  16     6  -0.034300850405771 -0.37752E-10  0.62500E-01
  16     7   0.038478749973380 -0.12790E-11  0.62500E-01
  16     8   0.069297968771618  0.37645E-10  0.62500E-01
  16     9   0.069297968877918 -0.38848E-10  0.62500E-01
  16    10   0.100784625726482 -0.11040E-11  0.62500E-01
  16    11   0.109935201564677  0.11414E-10  0.62500E-01
  16    12   0.109935201605500 -0.13060E-10  0.62500E-01
  16    13   0.120601615000653 -0.83411E-12  0.62500E-01
  16    14   0.137770922602227 -0.10192E-11  0.62500E-01
  16    15   0.170307659331979 -0.11076E-11  0.62500E-01
  16    16   0.172954543192532 -0.12341E-11  0.62500E-01
  16    17   0.266608855841639 -0.30403E-12   0.0000    
  16    18   0.296167821328136 -0.46524E-12   0.0000    
  16    19   0.304547178668169  0.24448E-11   0.0000    
  16    20   0.304547178669510 -0.31321E-11   0.0000    
  16    21   0.323035898679857 -0.17192E-12   0.0000    
  16    22   0.352120529191685 -0.19112E-09   0.0000    
  16    23   0.373855066646958 -0.44836E-07   0.0000    
  16    24   0.374578202212602 -0.14344E-03   0.0000    
  17     1  -0.173337276467360 -0.96506E-12  0.62500E-01
  17     2  -0.137572413169276  0.65387E-10  0.62500E-01
  17     3  -0.137572412993353 -0.67474E-10  0.62500E-01
  17     4  -0.111461959425456 -0.11450E-11  0.62500E-01
  17     5  -0.024048721845852 -0.98921E-12  0.62500E-01
  17     6   0.005273299958131  0.11066E-10  0.62500E-01
  17     7   0.005273299996939 -0.13165E-10  0.62500E-01
  17     8   0.049552416746289 -0.10904E-11  0.62500E-01
  17     9   0.071903907756314 -0.70169E-12  0.62500E-01
  17    10   0.096689559825594  0.36152E-11  0.62500E-01
  17    11   0.096689559846163 -0.53053E-11  0.62500E-01
  17    12   0.133799960566410 -0.89925E-12  0.62500E-01
  17    13   0.147878283798496  0.81177E-10  0.62500E-01
  17    14   0.147878284015911 -0.83204E-10  0.62500E-01
  17    15   0.149569120781078 -0.10865E-11  0.62500E-01
  17    16   0.190233933853255 -0.12734E-11  0.62500E-01
  17    17   0.284597964018533 -0.24530E-12   0.0000    
  17    18   0.315910004253387 -0.70655E-12   0.0000    
  17    19   0.322542617414862  0.32055E-11   0.0000    
  17    20   0.322542617431859 -0.41214E-11   0.0000    
  17    21   0.347332387325150  0.79674E-10   0.0000    
  17    22   0.347332387536863 -0.80686E-10   0.0000    
  17    23   0.353464416805276 -0.59330E-12   0.0000    
  17    24   0.358684897922315 -0.49980E-11   0.0000    
  18     1  -0.173337276466860 -0.98183E-12  0.62500E-01
  18     2  -0.137572413133144  0.37513E-10  0.62500E-01
  18     3  -0.137572413031411 -0.39596E-10  0.62500E-01
  18     4  -0.111461959423766 -0.10745E-11  0.62500E-01
  18     5  -0.024048721849284 -0.11552E-11  0.62500E-01
  18     6   0.005273299969064  0.12977E-10  0.62500E-01
  18     7   0.005273299993233 -0.15177E-10  0.62500E-01
  18     8   0.049552416742711 -0.92097E-12  0.62500E-01
  18     9   0.071903907755504 -0.60137E-12  0.62500E-01
  18    10   0.096689559827844  0.93252E-11  0.62500E-01
  18    11   0.096689559842872 -0.10753E-10  0.62500E-01
  18    12   0.133799960566680 -0.10563E-11  0.62500E-01
  18    13   0.147878283841506  0.45517E-10  0.62500E-01
  18    14   0.147878283967645 -0.47669E-10  0.62500E-01
  18    15   0.149569120783720 -0.11330E-11  0.62500E-01
  18    16   0.190233933856890 -0.13002E-11  0.62500E-01
  18    17   0.284597964021574 -0.19418E-12   0.0000    
  18    18   0.315910004256143 -0.71598E-12   0.0000    
  18    19   0.322542617418412  0.86220E-11   0.0000    
  18    20   0.322542617430754 -0.97318E-11   0.0000    
  18    21   0.347332387366570  0.43576E-10   0.0000    
  18    22   0.347332387488982 -0.44661E-10   0.0000    
  18    23   0.353464416803776 -0.64965E-12   0.0000    
  18    24   0.358684897923577 -0.71522E-11   0.0000    
  19     1  -0.192154085152402 -0.93955E-12  0.62500E-01
  19     2  -0.153359929674709 -0.99148E-12  0.62500E-01
  19     3  -0.091422449596677  0.24925E-10  0.62500E-01
  19     4  -0.091422449528616 -0.27150E-10  0.62500E-01
  19     5  -0.034300850472494  0.11221E-10  0.62500E-01
  19     6  -0.034300850436600 -0.13697E-10  0.62500E-01
  19     7   0.038478749975597 -0.12655E-11  0.62500E-01
  19     8   0.069297968803779  0.12527E-10  0.62500E-01
  19     9   0.069297968841625 -0.13573E-10  0.62500E-01
  19    10   0.100784625722792 -0.10412E-11  0.62500E-01
  19    11   0.109935201579822  0.19188E-11  0.62500E-01
  19    12   0.109935201592696 -0.36576E-11  0.62500E-01
  19    13   0.120601614996634 -0.72563E-12  0.62500E-01
  19    14   0.137770922603787 -0.11334E-11  0.62500E-01
  19    15   0.170307659333516 -0.12436E-11  0.62500E-01
  19    16   0.172954543194993 -0.11418E-11  0.62500E-01
  19    17   0.266608855843337 -0.35810E-12   0.0000    
  19    18   0.296167821328399 -0.55511E-12   0.0000    
  19    19   0.304547178669224  0.22052E-11   0.0000    
  19    20   0.304547178672121 -0.29043E-11   0.0000    
  19    21   0.323035898678835 -0.14494E-12   0.0000    
  19    22   0.352120529444062 -0.37906E-09   0.0000    
  19    23   0.373854989522276 -0.11387E-07   0.0000    
  19    24   0.374217537424310 -0.78030E-04   0.0000    
  20     1  -0.192154085152551 -0.93411E-12  0.62500E-01
  20     2  -0.153359929674450 -0.98146E-12  0.62500E-01
  20     3  -0.091422449575640  0.15556E-10  0.62500E-01
  20     4  -0.091422449549118 -0.17916E-10  0.62500E-01
  20     5  -0.034300850463316  0.94236E-11  0.62500E-01
  20     6  -0.034300850447174 -0.11619E-10  0.62500E-01
  20     7   0.038478749973554 -0.12938E-11  0.62500E-01
  20     8   0.069297968815726  0.10423E-10  0.62500E-01
  20     9   0.069297968832217 -0.11755E-10  0.62500E-01
  20    10   0.100784625725691 -0.11562E-11  0.62500E-01
  20    11   0.109935201581022  0.54172E-11  0.62500E-01
  20    12   0.109935201589978 -0.70017E-11  0.62500E-01
  20    13   0.120601614999450 -0.93434E-12  0.62500E-01
  20    14   0.137770922603154 -0.91782E-12  0.62500E-01
  20    15   0.170307659333029 -0.98116E-12  0.62500E-01
  20    16   0.172954543192208 -0.12857E-11  0.62500E-01
  20    17   0.266608855842449 -0.21194E-12   0.0000    
  20    18   0.296167821328616 -0.44453E-12   0.0000    
  20    19   0.304547178667125  0.20002E-11   0.0000    
  20    20   0.304547178671222 -0.27381E-11   0.0000    
  20    21   0.323035898679190 -0.28033E-12   0.0000    
  20    22   0.352120530323889 -0.10756E-08   0.0000    
  20    23   0.373854968935653 -0.29431E-08   0.0000    
  20    24   0.373954781881776 -0.22040E-04   0.0000    
  21     1  -0.173337276467049 -0.95396E-12  0.62500E-01
  21     2  -0.137572413133130  0.37507E-10  0.62500E-01
  21     3  -0.137572413031396 -0.39594E-10  0.62500E-01
  21     4  -0.111461959422887 -0.11922E-11  0.62500E-01
  21     5  -0.024048721851587 -0.84748E-12  0.62500E-01
  21     6   0.005273299968811  0.13111E-10  0.62500E-01
  21     7   0.005273299992954 -0.15235E-10  0.62500E-01
  21     8   0.049552416744340 -0.11389E-11  0.62500E-01
  21     9   0.071903907757051 -0.80645E-12  0.62500E-01
  21    10   0.096689559828863  0.87218E-11  0.62500E-01
  21    11   0.096689559844006 -0.10456E-10  0.62500E-01
  21    12   0.133799960565166 -0.85046E-12  0.62500E-01
  21    13   0.147878283840695  0.46078E-10  0.62500E-01
  21    14   0.147878283966721 -0.47984E-10  0.62500E-01
  21    15   0.149569120783614 -0.11168E-11  0.62500E-01
  21    16   0.190233933857132 -0.13361E-11  0.62500E-01
  21    17   0.284597964021400 -0.16598E-12   0.0000    
  21    18   0.315910004255543 -0.68218E-12   0.0000    
  21    19   0.322542617417331  0.90288E-11   0.0000    
  21    20   0.322542617429548 -0.98034E-11   0.0000    
  21    21   0.347332387366564  0.43682E-10   0.0000    
  21    22   0.347332387488914 -0.44752E-10   0.0000    
  21    23   0.353464416802684 -0.48983E-12   0.0000    
  21    24   0.358684897919084 -0.11498E-11   0.0000    
  22     1  -0.173337276467468 -0.97117E-12  0.62500E-01
  22     2  -0.137572413169267  0.65387E-10  0.62500E-01
  22     3  -0.137572412993344 -0.67471E-10  0.62500E-01
  22     4  -0.111461959424961 -0.11118E-11  0.62500E-01
  22     5  -0.024048721847118 -0.10816E-11  0.62500E-01
  22     6   0.005273299957962  0.11093E-10  0.62500E-01
  22     7   0.005273299996780 -0.13210E-10  0.62500E-01
  22     8   0.049552416747171 -0.10231E-11  0.62500E-01
  22     9   0.071903907757139 -0.63596E-12  0.62500E-01
  22    10   0.096689559826267  0.34924E-11  0.62500E-01
  22    11   0.096689559846765 -0.51057E-11  0.62500E-01
  22    12   0.133799960565604 -0.96625E-12  0.62500E-01
  22    13   0.147878283797957  0.81287E-10  0.62500E-01
  22    14   0.147878284015472 -0.83383E-10  0.62500E-01
  22    15   0.149569120781001 -0.10878E-11  0.62500E-01
  22    16   0.190233933853426 -0.12709E-11  0.62500E-01
  22    17   0.284597964018432 -0.25091E-12   0.0000    
  22    18   0.315910004253216 -0.74074E-12   0.0000    
  22    19   0.322542617414195  0.33624E-11   0.0000    
  22    20   0.322542617431010 -0.43299E-11   0.0000    
  22    21   0.347332387325159  0.79780E-10   0.0000    
  22    22   0.347332387536838 -0.80765E-10   0.0000    
  22    23   0.353464416804500 -0.58537E-12   0.0000    
  22    24   0.358684897918436 -0.71326E-12   0.0000    
  23     1  -0.192154085152644 -0.93242E-12  0.62500E-01
  23     2  -0.153359929674209 -0.10043E-11  0.62500E-01
  23     3  -0.091422449596468  0.24935E-10  0.62500E-01
  23     4  -0.091422449528483 -0.27166E-10  0.62500E-01
  23     5  -0.034300850473227  0.11186E-10  0.62500E-01
  23     6  -0.034300850437052 -0.13630E-10  0.62500E-01
  23     7   0.038478749971749 -0.11549E-11  0.62500E-01
  23     8   0.069297968805826  0.12635E-10  0.62500E-01
  23     9   0.069297968842777 -0.13773E-10  0.62500E-01
  23    10   0.100784625727487 -0.11808E-11  0.62500E-01
  23    11   0.109935201578450  0.18412E-11  0.62500E-01
  23    12   0.109935201592011 -0.35105E-11  0.62500E-01
  23    13   0.120601615000904 -0.85014E-12  0.62500E-01
  23    14   0.137770922603612 -0.11274E-11  0.62500E-01
  23    15   0.170307659333831 -0.12538E-11  0.62500E-01
  23    16   0.172954543189292 -0.96992E-12  0.62500E-01
  23    17   0.266608855842222 -0.33729E-12   0.0000    
  23    18   0.296167821329265 -0.55811E-12   0.0000    
  23    19   0.304547178666889  0.22913E-11   0.0000    
  23    20   0.304547178669154 -0.28638E-11   0.0000    
  23    21   0.323035898678997 -0.14583E-12   0.0000    
  23    22   0.352120530506793 -0.15253E-08   0.0000    
  23    23   0.373855008898747 -0.20285E-07   0.0000    
  23    24   0.374108796683365 -0.47560E-04   0.0000    
  24     1  -0.192154085152519 -0.92643E-12  0.62500E-01
  24     2  -0.153359929674513 -0.99409E-12  0.62500E-01
  24     3  -0.091422449575685  0.15520E-10  0.62500E-01
  24     4  -0.091422449549115 -0.17891E-10  0.62500E-01
  24     5  -0.034300850463153  0.95546E-11  0.62500E-01
  24     6  -0.034300850447183 -0.11709E-10  0.62500E-01
  24     7   0.038478749974047 -0.12100E-11  0.62500E-01
  24     8   0.069297968815265  0.10013E-10  0.62500E-01
  24     9   0.069297968832247 -0.11437E-10  0.62500E-01
  24    10   0.100784625725087 -0.12513E-11  0.62500E-01
  24    11   0.109935201581320  0.57132E-11  0.62500E-01
  24    12   0.109935201589973 -0.72528E-11  0.62500E-01
  24    13   0.120601614998907 -0.10114E-11  0.62500E-01
  24    14   0.137770922603177 -0.91260E-12  0.62500E-01
  24    15   0.170307659332988 -0.99071E-12  0.62500E-01
  24    16   0.172954543192943 -0.11899E-11  0.62500E-01
  24    17   0.266608855842568 -0.21350E-12   0.0000    
  24    18   0.296167821328524 -0.45308E-12   0.0000    
  24    19   0.304547178667812  0.23956E-11   0.0000    
  24    20   0.304547178671177 -0.29176E-11   0.0000    
  24    21   0.323035898679184 -0.25746E-12   0.0000    
  24    22   0.352120529845196 -0.75302E-09   0.0000    
  24    23   0.373855083269922 -0.70654E-07   0.0000    
  24    24   0.374094981136901 -0.41997E-04   0.0000    
  25     1  -0.192154085152496 -0.92490E-12  0.62500E-01
  25     2  -0.153359929674624 -0.10023E-11  0.62500E-01
  25     3  -0.091422449662535  0.64953E-10  0.62500E-01
  25     4  -0.091422449461877 -0.67297E-10  0.62500E-01
  25     5  -0.034300850508289  0.38911E-10  0.62500E-01
  25     6  -0.034300850402764 -0.41122E-10  0.62500E-01
  25     7   0.038478749974744 -0.11497E-11  0.62500E-01
  25     8   0.069297968768428  0.39968E-10  0.62500E-01
  25     9   0.069297968879486 -0.41355E-10  0.62500E-01
  25    10   0.100784625724645 -0.12856E-11  0.62500E-01
  25    11   0.109935201565943  0.20325E-10  0.62500E-01
  25    12   0.109935201605193 -0.21863E-10  0.62500E-01
  25    13   0.120601614998860 -0.10334E-11  0.62500E-01
  25    14   0.137770922602601 -0.97736E-12  0.62500E-01
  25    15   0.170307659332205 -0.10664E-11  0.62500E-01
  25    16   0.172954543194323 -0.10665E-11  0.62500E-01
  25    17   0.266608855842154 -0.17775E-12   0.0000    
  25    18   0.296167821328001 -0.46968E-12   0.0000    
  25    19   0.304547178667278  0.21596E-11   0.0000    
  25    20   0.304547178672546 -0.26683E-11   0.0000    
  25    21   0.323035898679675 -0.25374E-12   0.0000    
  25    22   0.352120532626161 -0.36303E-08   0.0000    
  25    23   0.373854984587510 -0.10415E-07   0.0000    
  25    24   0.374533934000642 -0.14202E-03   0.0000    
  26     1  -0.192154085152605 -0.93786E-12  0.62500E-01
  26     2  -0.153359929674402 -0.97788E-12  0.62500E-01
  26     3  -0.091422449662472  0.64968E-10  0.62500E-01
  26     4  -0.091422449461782 -0.67296E-10  0.62500E-01
  26     5  -0.034300850508503  0.38855E-10  0.62500E-01
  26     6  -0.034300850403098 -0.41127E-10  0.62500E-01
  26     7   0.038478749973079 -0.13252E-11  0.62500E-01
  26     8   0.069297968768969  0.40128E-10  0.62500E-01
  26     9   0.069297968880401 -0.41359E-10  0.62500E-01
  26    10   0.100784625726665 -0.10743E-11  0.62500E-01
  26    11   0.109935201565614  0.20209E-10  0.62500E-01
  26    12   0.109935201604604 -0.21839E-10  0.62500E-01
  26    13   0.120601615000669 -0.84260E-12  0.62500E-01
  26    14   0.137770922602519 -0.98427E-12  0.62500E-01
  26    15   0.170307659332352 -0.10556E-11  0.62500E-01
  26    16   0.172954543191915 -0.13196E-11  0.62500E-01
  26    17   0.266608855841755 -0.23237E-12   0.0000    
  26    18   0.296167821328318 -0.41839E-12   0.0000    
  26    19   0.304547178665735  0.13186E-11   0.0000    
  26    20   0.304547178671651 -0.21073E-11   0.0000    
  26    21   0.323035898679670 -0.25319E-12   0.0000    
  26    22   0.352120529002203 -0.38534E-10   0.0000    
  26    23   0.373855022340355 -0.26092E-07   0.0000    
  26    24   0.374002575039135 -0.34822E-04   0.0000    
  27     1  -0.212025997708204 -0.90500E-12  0.62500E-01
  27     2  -0.098063067054340  0.75167E-10  0.62500E-01
  27     3  -0.098063066976489  0.21978E-10  0.62500E-01
  27     4  -0.098063066807291 -0.10039E-09  0.62500E-01
  27     5  -0.030499697887673  0.58307E-10  0.62500E-01
  27     6  -0.030499697828434  0.15322E-10  0.62500E-01
  27     7  -0.030499697701395 -0.77231E-10  0.62500E-01
  27     8   0.092426977785575  0.39284E-10  0.62500E-01
  27     9   0.092426977825070  0.86984E-11  0.62500E-01
  27    10   0.092426977905965 -0.50169E-10  0.62500E-01
  27    11   0.120392614392458  0.55361E-10  0.62500E-01
  27    12   0.120392614486276 -0.11919E-10  0.62500E-01
  27    13   0.120392614530403 -0.46455E-10  0.62500E-01
  27    14   0.159953229351332 -0.11425E-11  0.62500E-01
  27    15   0.207872741210573 -0.11787E-11  0.62500E-01
  27    16   0.207872741213794 -0.14964E-11  0.62500E-01
  27    17   0.249632850670966  0.10088E-10   0.0000    
  27    18   0.249632850693290 -0.44300E-11   0.0000    
  27    19   0.249632850704613 -0.59958E-11   0.0000    
  27    20   0.289053392072472  0.10013E-10   0.0000    
  27    21   0.289053392098722 -0.59167E-11   0.0000    
  27    22   0.289053392105864 -0.78640E-11   0.0000    
  27    23   0.308249982143598 -0.16916E-07   0.0000    
  27    24   0.328109365547733 -0.68445E-12   0.0000    
  28     1  -0.212025997708172 -0.90156E-12  0.62500E-01
  28     2  -0.098063067053295  0.76782E-10  0.62500E-01
  28     3  -0.098063066936430 -0.14525E-10  0.62500E-01
  28     4  -0.098063066848941 -0.65562E-10  0.62500E-01
  28     5  -0.030499697886382  0.61527E-10  0.62500E-01
  28     6  -0.030499697797270 -0.12242E-10  0.62500E-01
  28     7  -0.030499697732509 -0.52741E-10  0.62500E-01
  28     8   0.092426977784953  0.43416E-10  0.62500E-01
  28     9   0.092426977844318 -0.88729E-11  0.62500E-01
  28    10   0.092426977884489 -0.37028E-10  0.62500E-01
  28    11   0.120392614416540  0.39896E-10  0.62500E-01
  28    12   0.120392614463437  0.85424E-11  0.62500E-01
  28    13   0.120392614530882 -0.51282E-10  0.62500E-01
  28    14   0.159953229349535 -0.13292E-11  0.62500E-01
  28    15   0.207872741210868 -0.11380E-11  0.62500E-01
  28    16   0.207872741215389 -0.13361E-11  0.62500E-01
  28    17   0.249632850677320 -0.15210E-11   0.0000    
  28    18   0.249632850689519 -0.54637E-12   0.0000    
  28    19   0.249632850704504  0.20188E-11   0.0000    
  28    20   0.289053392086635 -0.43969E-11   0.0000    
  28    21   0.289053392090832 -0.56812E-11   0.0000    
  28    22   0.289053392104348 -0.28574E-11   0.0000    
  28    23   0.308249970895029 -0.10885E-07   0.0000    
  28    24   0.328109365546968 -0.62633E-12   0.0000    
  29     1  -0.192154085152589 -0.92890E-12  0.62500E-01
  29     2  -0.153359929674257 -0.10057E-11  0.62500E-01
  29     3  -0.091422449666989  0.70573E-10  0.62500E-01
  29     4  -0.091422449458463 -0.72839E-10  0.62500E-01
  29     5  -0.034300850509311  0.37795E-10  0.62500E-01
  29     6  -0.034300850399853 -0.40168E-10  0.62500E-01
  29     7   0.038478749972212 -0.11176E-11  0.62500E-01
  29     8   0.069297968765826  0.39898E-10  0.62500E-01
  29     9   0.069297968881365 -0.41129E-10  0.62500E-01
  29    10   0.100784625726501 -0.12610E-11  0.62500E-01
  29    11   0.109935201565022  0.14647E-10  0.62500E-01
  29    12   0.109935201606214 -0.16254E-10  0.62500E-01
  29    13   0.120601614999685 -0.95000E-12  0.62500E-01
  29    14   0.137770922604260 -0.10846E-11  0.62500E-01
  29    15   0.170307659334544 -0.11976E-11  0.62500E-01
  29    16   0.172954543189567 -0.93239E-12  0.62500E-01
  29    17   0.266608855842969 -0.28344E-12   0.0000    
  29    18   0.296167821329617 -0.54501E-12   0.0000    
  29    19   0.304547178665711 -0.27356E-12   0.0000    
  29    20   0.304547178671189 -0.28028E-12   0.0000    
  29    21   0.323035898678496 -0.16798E-12   0.0000    
  29    22   0.352120529259479 -0.23835E-09   0.0000    
  29    23   0.373854973101852 -0.50316E-08   0.0000    
  29    24   0.373980343269030 -0.25530E-04   0.0000    
  30     1  -0.192154085152425 -0.93980E-12  0.62500E-01
  30     2  -0.153359929674600 -0.98263E-12  0.62500E-01
  30     3  -0.091422449667133  0.70548E-10  0.62500E-01
  30     4  -0.091422449458546 -0.72803E-10  0.62500E-01
  30     5  -0.034300850508802  0.37882E-10  0.62500E-01
  30     6  -0.034300850399570 -0.40305E-10  0.62500E-01
  30     7   0.038478749974888 -0.13210E-11  0.62500E-01
  30     8   0.069297968764350  0.39627E-10  0.62500E-01
  30     9   0.069297968880666 -0.40702E-10  0.62500E-01
  30    10   0.100784625723219 -0.10056E-11  0.62500E-01
  30    11   0.109935201566046  0.14835E-10  0.62500E-01
  30    12   0.109935201606616 -0.16562E-10  0.62500E-01
  30    13   0.120601614996680 -0.71147E-12  0.62500E-01
  30    14   0.137770922604376 -0.10910E-11  0.62500E-01
  30    15   0.170307659334336 -0.11852E-11  0.62500E-01
  30    16   0.172954543193593 -0.12612E-11  0.62500E-01
  30    17   0.266608855843806 -0.35510E-12   0.0000    
  30    18   0.296167821328979 -0.49721E-12   0.0000    
  30    19   0.304547178667018 -0.92171E-12   0.0000    
  30    20   0.304547178673387  0.17558E-12   0.0000    
  30    21   0.323035898678324 -0.14216E-12   0.0000    
  30    22   0.352120529081925 -0.11071E-09   0.0000    
  30    23   0.373856455156654 -0.66547E-06   0.0000    
  30    24   0.373940955815963 -0.17008E-04   0.0000    
  31     1  -0.212025997708131 -0.90758E-12  0.62500E-01
  31     2  -0.098063067065755  0.84380E-10  0.62500E-01
  31     3  -0.098063066922272 -0.20435E-10  0.62500E-01
  31     4  -0.098063066851318 -0.67158E-10  0.62500E-01
  31     5  -0.030499697894508  0.64466E-10  0.62500E-01
  31     6  -0.030499697786641 -0.15771E-10  0.62500E-01
  31     7  -0.030499697733341 -0.52378E-10  0.62500E-01
  31     8   0.092426977778070  0.42192E-10  0.62500E-01
  31     9   0.092426977848902 -0.95808E-11  0.62500E-01
  31    10   0.092426977883247 -0.34603E-10  0.62500E-01
  31    11   0.120392614418120  0.37755E-10  0.62500E-01
  31    12   0.120392614457605  0.92204E-11  0.62500E-01
  31    13   0.120392614537289 -0.50124E-10  0.62500E-01
  31    14   0.159953229347146 -0.10127E-11  0.62500E-01
  31    15   0.207872741213396 -0.14987E-11  0.62500E-01
  31    16   0.207872741215420 -0.13196E-11  0.62500E-01
  31    17   0.249632850677345  0.81067E-11   0.0000    
  31    18   0.249632850689285 -0.65928E-12   0.0000    
  31    19   0.249632850707665 -0.79041E-11   0.0000    
  31    20   0.289053392076307  0.89237E-11   0.0000    
  31    21   0.289053392087870 -0.94541E-12   0.0000    
  31    22   0.289053392106217 -0.88619E-11   0.0000    
  31    23   0.308249968719762 -0.92295E-08   0.0000    
  31    24   0.328109365546802 -0.69250E-12   0.0000    
  32     1  -0.212025997708180 -0.90311E-12  0.62500E-01
  32     2  -0.098063067065607  0.81502E-10  0.62500E-01
  32     3  -0.098063066957970  0.14304E-10  0.62500E-01
  32     4  -0.098063066814933 -0.99077E-10  0.62500E-01
  32     5  -0.030499697895222  0.60653E-10  0.62500E-01
  32     6  -0.030499697814897  0.11442E-10  0.62500E-01
  32     7  -0.030499697706430 -0.75634E-10  0.62500E-01
  32     8   0.092426977780685  0.37737E-10  0.62500E-01
  32     9   0.092426977831473  0.88836E-11  0.62500E-01
  32    10   0.092426977902467 -0.48953E-10  0.62500E-01
  32    11   0.120392614395874  0.53403E-10  0.62500E-01
  32    12   0.120392614478004 -0.11115E-10  0.62500E-01
  32    13   0.120392614536422 -0.45199E-10  0.62500E-01
  32    14   0.159953229350083 -0.12498E-11  0.62500E-01
  32    15   0.207872741210610 -0.11814E-11  0.62500E-01
  32    16   0.207872741215050 -0.13634E-11  0.62500E-01
  32    17   0.249632850673229  0.11579E-10   0.0000    
  32    18   0.249632850690421  0.16123E-11   0.0000    
  32    19   0.249632850707061 -0.13462E-10   0.0000    
  32    20   0.289053392073963  0.10957E-10   0.0000    
  32    21   0.289053392091416  0.77643E-12   0.0000    
  32    22   0.289053392110464 -0.16088E-10   0.0000    
  32    23   0.308249956577482 -0.34189E-08   0.0000    
  32    24   0.328109365548246 -0.68590E-12   0.0000    
