XYZ
1 60  6                            / MKI, MI, zatom
   1    6.538398    0.000000   -1.292592   1
   1    5.689098    2.223472   -2.666783   1
   1    4.314927    1.374172   -4.890254   1
   1    5.689098   -2.223472   -2.666783   1
   1    4.314927   -1.374172   -4.890254   1
   1    6.538398    0.000000    1.292592   1
   1    5.689098   -2.223472    2.666783   1
   1    4.314927   -1.374172    4.890254   1
   1    5.689098    2.223472    2.666783   1
   1    4.314927    1.374172    4.890254   1
   1    4.890254    4.314927   -1.374172   1
   1    4.890254    4.314927    1.374172   1
   1    2.666783    5.689098    2.223472   1
   1    2.666783    5.689098   -2.223472   1
   1    1.292592    6.538398    0.000000   1
   1    2.223472    2.666783   -5.689098   1
   1    1.374172    4.890254   -4.314927   1
   1   -1.374172    4.890254   -4.314927   1
   1    0.000000    1.292592   -6.538398   1
   1   -2.223472    2.666783   -5.689098   1
   1    4.890254   -4.314927   -1.374172   1
   1    2.666783   -5.689098   -2.223472   1
   1    1.292592   -6.538398    0.000000   1
   1    4.890254   -4.314927    1.374172   1
   1    2.666783   -5.689098    2.223472   1
   1    2.223472   -2.666783   -5.689098   1
   1    0.000000   -1.292592   -6.538398   1
   1   -2.223472   -2.666783   -5.689098   1
   1    1.374172   -4.890254   -4.314927   1
   1   -1.374172   -4.890254   -4.314927   1
   1   -6.538398    0.000000    1.292592   1
   1   -5.689098    2.223472    2.666783   1
   1   -4.314927    1.374172    4.890254   1
   1   -5.689098   -2.223472    2.666783   1
   1   -4.314927   -1.374172    4.890254   1
   1   -6.538398    0.000000   -1.292592   1
   1   -5.689098   -2.223472   -2.666783   1
   1   -4.314927   -1.374172   -4.890254   1
   1   -5.689098    2.223472   -2.666783   1
   1   -4.314927    1.374172   -4.890254   1
   1   -4.890254    4.314927    1.374172   1
   1   -4.890254    4.314927   -1.374172   1
   1   -2.666783    5.689098   -2.223472   1
   1   -2.666783    5.689098    2.223472   1
   1   -1.292592    6.538398    0.000000   1
   1   -2.223472    2.666783    5.689098   1
   1   -1.374172    4.890254    4.314927   1
   1    1.374172    4.890254    4.314927   1
   1    0.000000    1.292592    6.538398   1
   1    2.223472    2.666783    5.689098   1
   1   -4.890254   -4.314927    1.374172   1
   1   -2.666783   -5.689098    2.223472   1
   1   -1.292592   -6.538398    0.000000   1
   1   -4.890254   -4.314927   -1.374172   1
   1   -2.666783   -5.689098   -2.223472   1
   1   -2.223472   -2.666783    5.689098   1
   1    0.000000   -1.292592    6.538398   1
   1    2.223472   -2.666783    5.689098   1
   1   -1.374172   -4.890254    4.314927   1
   1    1.374172   -4.890254    4.314927   1
