 Total Energy   -342.050040352155     
 Harris Energy  -342.050040351235     
 Ion-Ion                       3724.86228240994     
 Local Potential              -410.792710767206     
 Ion Local Potential          -8230.14611515640     
 Hartree Energy                3977.67220157045     
 Exchange-Correlation Energy  -104.008748513220     
 Exchange Energy              -90.8752384416594     
 Correlation Energy           -13.1335100715607     
 Sum of eigenvalues           -121.222371430130     
 Fermi energy                -0.166573457511467     
 Eigenvalues
   k     n          esp(n,k,s)    esp_err   occ(n,k,s)  
   1     1  -0.903439007734038  0.23007E-10   2.0000    
   1     2  -0.884300701431215  0.48758E-10   2.0000    
   1     3  -0.884300701371116  0.25747E-10   2.0000    
   1     4  -0.884300701299306 -0.61975E-11   2.0000    
   1     5  -0.847576245981724  0.38871E-10   2.0000    
   1     6  -0.847576245945358  0.20429E-10   2.0000    
   1     7  -0.847576245905921  0.88284E-11   2.0000    
   1     8  -0.847571863038296  0.24800E-10   2.0000    
   1     9  -0.847571863016904  0.18700E-10   2.0000    
   1    10  -0.806592667747688  0.45153E-10   2.0000    
   1    11  -0.806592667671171  0.19885E-10   2.0000    
   1    12  -0.806592667630368  0.49405E-13   2.0000    
   1    13  -0.782895508808448  0.22167E-10   2.0000    
   1    14  -0.782894102073780  0.29969E-10   2.0000    
   1    15  -0.782894102050369  0.23691E-10   2.0000    
   1    16  -0.782894102028651  0.11572E-10   2.0000    
   1    17  -0.731903354342967  0.25706E-10   2.0000    
   1    18  -0.731903354323911  0.17520E-10   2.0000    
   1    19  -0.731901614050298  0.31368E-10   2.0000    
   1    20  -0.731901614025944  0.20515E-10   2.0000    
   1    21  -0.731901614003255  0.10599E-10   2.0000    
   1    22  -0.717950780546616  0.22278E-10   2.0000    
   1    23  -0.717950780544313  0.23284E-10   2.0000    
   1    24  -0.717950780539256  0.18931E-10   2.0000    
   1    25  -0.717943799885993  0.20390E-10   2.0000    
   1    26  -0.660650485201168  0.22274E-10   2.0000    
   1    27  -0.660650485198936  0.19072E-10   2.0000    
   1    28  -0.660648489109044  0.19769E-10   2.0000    
   1    29  -0.660648489104305  0.20994E-10   2.0000    
   1    30  -0.660648489100681  0.21085E-10   2.0000    
   1    31  -0.652176634754500  0.28706E-10   2.0000    
   1    32  -0.652176634736640  0.23244E-10   2.0000    
   1    33  -0.652176634706232  0.93703E-11   2.0000    
   1    34  -0.621143427661458  0.26215E-10   2.0000    
   1    35  -0.621143427654694  0.21392E-10   2.0000    
   1    36  -0.621143427643803  0.14117E-10   2.0000    
   1    37  -0.582127984792272  0.38792E-10   2.0000    
   1    38  -0.582127984754215  0.19854E-10   2.0000    
   1    39  -0.582127984718413  0.32248E-11   2.0000    
   1    40  -0.582122968122883  0.20892E-10   2.0000    
   1    41  -0.582122968103908  0.18577E-10   2.0000    
   1    42  -0.566293925131824  0.37111E-10   2.0000    
   1    43  -0.566293925081119  0.16323E-10   2.0000    
   1    44  -0.566293925045191  0.53459E-11   2.0000    
   1    45  -0.565355314338707  0.20413E-10   2.0000    
   1    46  -0.518277887443234  0.26909E-10   2.0000    
   1    47  -0.518277887425852  0.18214E-10   2.0000    
   1    48  -0.518277887412434  0.13240E-10   2.0000    
   1    49  -0.518276402632560  0.21265E-10   2.0000    
   1    50  -0.488013294222519  0.20187E-10   2.0000    
   1    51  -0.488013294216360  0.18999E-10   2.0000    
   1    52  -0.488008868982444  0.22697E-10   2.0000    
   1    53  -0.488008868966989  0.19289E-10   2.0000    
   1    54  -0.488008868960955  0.16052E-10   2.0000    
   1    55  -0.481413002203975  0.25607E-10   2.0000    
   1    56  -0.481413002186363  0.19095E-10   2.0000    
   1    57  -0.481413002172724  0.14673E-10   2.0000    
   1    58  -0.464810809162449  0.27090E-10   2.0000    
   1    59  -0.464810809154550  0.21197E-10   2.0000    
   1    60  -0.464810809134019  0.11885E-10   2.0000    
   1    61  -0.461004694730999  0.18756E-10   2.0000    
   1    62  -0.438866170451834  0.42034E-10   2.0000    
   1    63  -0.438866170407455  0.20886E-10   2.0000    
   1    64  -0.438866170355588 -0.70879E-11   2.0000    
   1    65  -0.432578465313106  0.18741E-10   2.0000    
   1    66  -0.432576087152433  0.24728E-10   2.0000    
   1    67  -0.432576087145065  0.19511E-10   2.0000    
   1    68  -0.432576087128717  0.15361E-10   2.0000    
   1    69  -0.417842876432050  0.36727E-10   2.0000    
   1    70  -0.417842876387351  0.19579E-10   2.0000    
   1    71  -0.417842876347788  0.30996E-11   2.0000    
   1    72  -0.417834922033767  0.19267E-10   2.0000    
   1    73  -0.417834922020462  0.20179E-10   2.0000    
   1    74  -0.404741677876070  0.18859E-10   2.0000    
   1    75  -0.404738986380840  0.22932E-10   2.0000    
   1    76  -0.404738986374761  0.21701E-10   2.0000    
   1    77  -0.404738986361830  0.15052E-10   2.0000    
   1    78  -0.397125730743974  0.35282E-10   2.0000    
   1    79  -0.397125730714482  0.16799E-10   2.0000    
   1    80  -0.397125730680172  0.47538E-11   2.0000    
   1    81  -0.397123489954752  0.19715E-10   2.0000    
   1    82  -0.397123489940739  0.15558E-10   2.0000    
   1    83  -0.387596031664948  0.23576E-10   2.0000    
   1    84  -0.387596031657014  0.18903E-10   2.0000    
   1    85  -0.387596031645093  0.15823E-10   2.0000    
   1    86  -0.376054660210057  0.19594E-10   2.0000    
   1    87  -0.376054217512046  0.27670E-10   2.0000    
   1    88  -0.376054217487169  0.21801E-10   2.0000    
   1    89  -0.376054217456715  0.94635E-11   2.0000    
   1    90  -0.346533898049940  0.36532E-10   2.0000    
   1    91  -0.346533898003400  0.17816E-10   2.0000    
   1    92  -0.346533897977950  0.80924E-12   2.0000    
   1    93  -0.335438581659250  0.20245E-10   2.0000    
   1    94  -0.335438581650120  0.19951E-10   2.0000    
   1    95  -0.335434993778545  0.25204E-10   2.0000    
   1    96  -0.335434993758406  0.19849E-10   2.0000    
   1    97  -0.335434993740694  0.12812E-10   2.0000    
   1    98  -0.331498308340188  0.18947E-10   2.0000    
   1    99  -0.331497567348341  0.26309E-10   2.0000    
   1   100  -0.331497567328121  0.20886E-10   2.0000    
   1   101  -0.331497567308719  0.84270E-11   2.0000    
   1   102  -0.323772996815163  0.36649E-10   2.0000    
   1   103  -0.323772996774131  0.20940E-10   2.0000    
   1   104  -0.323772996732050  0.28117E-11   2.0000    
   1   105  -0.323767973631781  0.19619E-10   2.0000    
   1   106  -0.323767973614312  0.18033E-10   2.0000    
   1   107  -0.270677340255461  0.22997E-10   2.0000    
   1   108  -0.270677340246687  0.18184E-10   2.0000    
   1   109  -0.270677340238704  0.12833E-10   2.0000    
   1   110  -0.270675788743030  0.22959E-10   2.0000    
   1   111  -0.270675788729917  0.14993E-10   2.0000    
   1   112  -0.268827317643601  0.23273E-10   2.0000    
   1   113  -0.268827317636638  0.20168E-10   2.0000    
   1   114  -0.268827317624012  0.12898E-10   2.0000    
   1   115  -0.268822953294467  0.17562E-10   2.0000    
   1   116  -0.225078602400960  0.19067E-10   2.0000    
   1   117  -0.225078602399160  0.17722E-10   2.0000    
   1   118  -0.225076070517612  0.18234E-10   2.0000    
   1   119  -0.225076070513081  0.18846E-10   2.0000    
   1   120  -0.225076070508761  0.18319E-10   2.0000    
   1   121  -0.157867203960704  0.22941E-10   0.0000    
   1   122  -0.157867203948935  0.18405E-10   0.0000    
   1   123  -0.157867203935285  0.10730E-10   0.0000    
   1   124  -0.116743331544563  0.34660E-10   0.0000    
   1   125  -0.116743331506644  0.13952E-10   0.0000    
   1   126  -0.116743331479988  0.34921E-11   0.0000    
   1   127  -0.089415604943925  0.17338E-10   0.0000    
   1   128  -0.089415604937909  0.16966E-10   0.0000    
   1   129  -0.089415604927366  0.11847E-10   0.0000    
   1   130  -0.083318851127536  0.15409E-10   0.0000    
   1   131  -0.083318851116955  0.15027E-10   0.0000    
   1   132  -0.083315896378387  0.31574E-10   0.0000    
   1   133  -0.083315896350131  0.16752E-10   0.0000    
   1   134  -0.083315896321171  0.10764E-11   0.0000    
   1   135  -0.046018994390835  0.18838E-10   0.0000    
   1   136  -0.025756520290441  0.17500E-10   0.0000    
   1   137  -0.025756520278952  0.15401E-10   0.0000    
   1   138  -0.025756520272655  0.11979E-10   0.0000    
   1   139  -0.025754862861381  0.19082E-10   0.0000    
   1   140  -0.025754862853281  0.14204E-10   0.0000    
   1   141  -0.012121906863419  0.22820E-10   0.0000    
   1   142  -0.012121906831039 -0.13714E-11   0.0000    
   1   143  -0.012121906805051 -0.19821E-10   0.0000    
   1   144  -0.008681541714686  0.96900E-11   0.0000    
   1   145  -0.008677950292971  0.15101E-10   0.0000    
   1   146  -0.008677950281675  0.89288E-11   0.0000    
   1   147  -0.008677950265671  0.42367E-11   0.0000    
   1   148   0.007723992123330 -0.14637E-09   0.0000    
   1   149   0.007764109542444 -0.37829E-10   0.0000    
   1   150   0.007764112252296 -0.13806E-08   0.0000    
   1   151   0.007775467677148 -0.37570E-09   0.0000    
   1   152   0.007775467618552 -0.60390E-09   0.0000    
   1   153   0.007775498736535 -0.69386E-08   0.0000    
   1   154   0.020088844949382 -0.25866E-10   0.0000    
   1   155   0.020089668832358 -0.30707E-11   0.0000    
   1   156   0.020089668959843 -0.84516E-11   0.0000    
   1   157   0.020089673941098 -0.22381E-08   0.0000    
   1   158   0.029980845965053 -0.58729E-07   0.0000    
   1   159   0.029980920604451 -0.87041E-07   0.0000    
   1   160   0.029987768407194 -0.18122E-05   0.0000    
   1   161   0.030000942447767 -0.58482E-06   0.0000    
   1   162   0.030091963996562 -0.13156E-06   0.0000    
   1   163   0.030093231164176 -0.68991E-06   0.0000    
   1   164   0.030093901101359 -0.54011E-06   0.0000    
   1   165   0.038634679893547 -0.29681E-09   0.0000    
   1   166   0.038634686030427 -0.15488E-08   0.0000    
   1   167   0.038634735904274 -0.69447E-08   0.0000    
   1   168   0.055325236920260 -0.43209E-05   0.0000    
   1   169   0.055434093622631 -0.14716E-04   0.0000    
   1   170   0.055774442193349 -0.14919E-04   0.0000    
   1   171   0.055852363904369 -0.13240E-04   0.0000    
   1   172   0.055865714123669 -0.18619E-04   0.0000    
   1   173   0.055867088153052 -0.21657E-04   0.0000    
   1   174   0.055874341510148 -0.19613E-04   0.0000    
   1   175   0.056864952696263 -0.75190E-04   0.0000    
   1   176   0.057456468766644 -0.22495E-04   0.0000    
   1   177   0.057563500554303 -0.18869E-04   0.0000    
   1   178   0.058031524240765 -0.21328E-03   0.0000    
   1   179   0.062434530218807 -0.52632E-03   0.0000    
   1   180   0.078048392562723 -0.18220E-03   0.0000    
