Reciprocal lattice vectors
      0.612336546845296     0.000000000000000     0.000000000000000
      0.000000000000000     0.612336546845296     0.000000000000000
      0.000000000000000     0.000000000000000     0.612336546845296
Number of division along a side            :   8
Number of k points in the irreducible wedge:   4
Number of k points in the whole BZ         :  64
Sampled k points
           k1  k2  k3              weight
      1     3   3   3     0.125000000000000
      2     3   3  -1     0.375000000000000
      3     3  -1  -1     0.375000000000000
      4    -1  -1  -1     0.125000000000000
grid index range (k1):  -3   3
grid index range (k2):  -3   3
grid index range (k3):  -3   3
k points in the whole BZ
      1    -3  -3  -3     1
      2    -1  -3  -3     2
      3     1  -3  -3     2
      4     3  -3  -3     1
      5    -3  -1  -3     2
      6    -1  -1  -3     3
      7     1  -1  -3     3
      8     3  -1  -3     2
      9    -3   1  -3     2
     10    -1   1  -3     3
     11     1   1  -3     3
     12     3   1  -3     2
     13    -3   3  -3     1
     14    -1   3  -3     2
     15     1   3  -3     2
     16     3   3  -3     1
     17    -3  -3  -1     2
     18    -1  -3  -1     3
     19     1  -3  -1     3
     20     3  -3  -1     2
     21    -3  -1  -1     3
     22    -1  -1  -1     4
     23     1  -1  -1     4
     24     3  -1  -1     3
     25    -3   1  -1     3
     26    -1   1  -1     4
     27     1   1  -1     4
     28     3   1  -1     3
     29    -3   3  -1     2
     30    -1   3  -1     3
     31     1   3  -1     3
     32     3   3  -1     2
     33    -3  -3   1     2
     34    -1  -3   1     3
     35     1  -3   1     3
     36     3  -3   1     2
     37    -3  -1   1     3
     38    -1  -1   1     4
     39     1  -1   1     4
     40     3  -1   1     3
     41    -3   1   1     3
     42    -1   1   1     4
     43     1   1   1     4
     44     3   1   1     3
     45    -3   3   1     2
     46    -1   3   1     3
     47     1   3   1     3
     48     3   3   1     2
     49    -3  -3   3     1
     50    -1  -3   3     2
     51     1  -3   3     2
     52     3  -3   3     1
     53    -3  -1   3     2
     54    -1  -1   3     3
     55     1  -1   3     3
     56     3  -1   3     2
     57    -3   1   3     2
     58    -1   1   3     3
     59     1   1   3     3
     60     3   1   3     2
     61    -3   3   3     1
     62    -1   3   3     2
     63     1   3   3     2
     64     3   3   3     1
