 -0.219132226326167        1.86963641409754     
 -0.218513997743308        3.27842042213203     
 -0.217895769160449        3.97429358132211     
 -0.217277540577589        4.59983281151975     
 -0.216659311994730        5.19277106090389     
 -0.216041083411871        5.84350911836361     
 -0.215422854829012        6.32191080091807     
 -0.214804626246152        6.74099865163501     
 -0.214186397663293        7.06923902678718     
 -0.213568169080434        7.48102001721951     
 -0.212949940497575        7.91595560596415     
 -0.212331711914716        8.37288925405061     
 -0.211713483331856        8.74230837209536     
 -0.211095254748997        9.02683808227711     
 -0.210477026166138        9.27445898336321     
 -0.209858797583279        9.58889051222291     
 -0.209240569000420        9.91835558988236     
 -0.208622340417560        10.2545573165387     
 -0.208004111834701        10.5627071249865     
 -0.207385883251842        10.8874436173645     
 -0.206767654668983        11.1868768436155     
 -0.206149426086123        11.4339652233138     
 -0.205531197503264        11.6641886791268     
 -0.204912968920405        11.9212357738393     
 -0.204294740337546        12.1790531218529     
 -0.203676511754687        12.4290109760596     
 -0.203058283171827        12.6700204287319     
 -0.202440054588968        12.9336560434166     
 -0.201821826006109        13.2070191662190     
 -0.201203597423250        13.4892949713888     
 -0.200585368840391        13.7655679239746     
 -0.199967140257531        13.9775526649892     
 -0.199348911674672        14.1665631432168     
 -0.198730683091813        14.3710146748378     
 -0.198112454508954        14.5842627594094     
 -0.197494225926094        14.8052818317541     
 -0.196875997343235        15.0237983241551     
 -0.196257768760376        15.2509918589633     
 -0.195639540177517        15.4811765958986     
 -0.195021311594658        15.7257023810981     
 -0.194403083011798        15.9660227861656     
 -0.193784854428939        16.1990143076164     
 -0.193166625846080        16.4208997370611     
 -0.192548397263221        16.4620223374409     
 -0.191930168680362        16.5563487997653     
 -0.191311940097502        16.6899225947790     
 -0.190693711514643        16.8343122728180     
 -0.190075482931784        16.9951370396460     
 -0.189457254348925        17.1602788763511     
 -0.188839025766065        17.3283004528399     
 -0.188220797183206        17.5061862549804     
 -0.187602568600347        17.7212339981416     
 -0.186984340017488        17.9410218426298     
 -0.186366111434629        18.1820481690572     
 -0.185747882851769        18.4351524885565     
 -0.185129654268910        18.6992838995917     
 -0.184511425686051        18.9966868183700     
 -0.183893197103192        20.0932370703307     
 -0.183274968520333        22.3415833014075     
 -0.182656739937473        22.1152490845717     
 -0.182038511354614        21.9002328230395     
 -0.181420282771755        21.8655097435133     
 -0.180802054188896        21.3377630185623     
 -0.180183825606036        20.8913243722918     
 -0.179565597023177        20.7105192454633     
 -0.178947368440318        20.4065393422273     
 -0.178329139857459        20.1974123706004     
 -0.177710911274600        19.9185394131054     
 -0.177092682691740        19.4737390528037     
 -0.176474454108881        19.2401586493186     
 -0.175856225526022        19.2968479722254     
 -0.175237996943163        21.2147512283994     
 -0.174619768360304        22.6904682349460     
 -0.174001539777444        22.8897926162541     
 -0.173383311194585        22.7899215079108     
 -0.172765082611726        23.2477114388555     
 -0.172146854028867        23.8710424749471     
 -0.171528625446007        23.6688984919622     
 -0.170910396863148        23.5923703065702     
 -0.170292168280289        24.0730580513954     
 -0.169673939697430        24.4010874261761     
 -0.169055711114571        24.7135002689965     
 -0.168437482531711        24.7768239784240     
 -0.167819253948852        24.5993187289593     
 -0.167201025365993        24.7709719160585     
 -0.166582796783134        25.1318964350151     
 -0.165964568200274        25.3816843132366     
 -0.165346339617415        25.5442645547852     
 -0.164728111034556        25.8427049622874     
 -0.164109882451697        26.0398917799986     
 -0.163491653868838        25.9635853982816     
 -0.162873425285978        26.0819693031174     
 -0.162255196703119        26.2684057706435     
 -0.161636968120260        26.4131416136198     
 -0.161018739537401        26.5989160693078     
 -0.160400510954542        26.8499959222833     
 -0.159782282371682        27.1042778373944     
 -0.159164053788823        27.2920534540085     
 -0.158545825205964        27.3068961821948     
 -0.157927596623105        27.4398841934997     
 -0.157309368040246        27.5864479252791     
 -0.156691139457386        27.7299232846636     
 -0.156072910874527        27.9608550216892     
 -0.155454682291668        28.2691658280694     
 -0.154836453708809        28.6190946187284     
 -0.154218225125949        28.9470344488808     
 -0.153599996543090        29.2949571646752     
 -0.152981767960231        29.6989111838853     
 -0.152363539377372        30.1069147820709     
 -0.151745310794513        30.2842181482414     
 -0.151127082211653        31.4740535474419     
 -0.150508853628794        31.0671290732529     
 -0.149890625045935        30.9097719572220     
 -0.149272396463076        30.6406376232010     
 -0.148654167880216        30.7159643030062     
 -0.148035939297357        30.9887360151906     
 -0.147417710714498        30.9524090997459     
 -0.146799482131639        30.8128843998783     
 -0.146181253548780        31.1504768434258     
 -0.145563024965920        31.8227673278929     
 -0.144944796383061        33.1955754933309     
 -0.144326567800202        35.7344127914040     
 -0.143708339217343        35.2185655349842     
 -0.143090110634484        37.0240460621659     
 -0.142471882051624        36.7510203813935     
 -0.141853653468765        36.0667360233591     
 -0.141235424885906        35.8295678593138     
 -0.140617196303047        35.6382434716500     
 -0.139998967720187        35.9259714033634     
 -0.139380739137328        36.2421407117647     
 -0.138762510554469        36.8222350770722     
 -0.138144281971610        37.4335709999655     
 -0.137526053388751        38.1246114630515     
 -0.136907824805891        40.4598106251029     
 -0.136289596223032        41.7529391461368     
 -0.135671367640173        42.8443683890728     
 -0.135053139057314        42.8737665623394     
 -0.134434910474455        43.7313210209432     
 -0.133816681891595        45.1402669395586     
 -0.133198453308736        49.7096337538688     
 -0.132580224725877        47.0763871392803     
 -0.131961996143018        56.7093342992972     
 -0.131343767560158        50.8230211744276     
 -0.130725538977299        48.3775599574018     
 -0.130107310394440        47.3431560415846     
 -0.129489081811581        46.6369642017091     
 -0.128870853228722        46.7556753974234     
 -0.128252624645862        46.5381099154900     
 -0.127634396063003        47.1773663467574     
 -0.127016167480144        48.7137879454171     
 -0.126397938897285        45.4105216465193     
 -0.125779710314426        45.0185278062321     
 -0.125161481731566        44.0874802711472     
 -0.124543253148707        43.3917449783558     
 -0.123925024565848        42.8366824910810     
 -0.123306795982989        42.9173811547383     
 -0.122688567400129        42.5338072505547     
 -0.122070338817270        42.2749536741541     
 -0.121452110234411        42.7604534900343     
 -0.120833881651552        43.5096010597601     
 -0.120215653068693        43.0019893326291     
 -0.119597424485833        41.9204949312117     
 -0.118979195902974        42.3625699484820     
 -0.118360967320115        42.6188065616774     
 -0.117742738737256        42.3012905845858     
 -0.117124510154397        41.7240486495708     
 -0.116506281571537        40.9761579792722     
 -0.115888052988678        39.9712282174747     
 -0.115269824405819        39.7015644606967     
 -0.114651595822960        39.3111102231184     
 -0.114033367240100        38.6609697501887     
 -0.113415138657241        38.3606828698662     
 -0.112796910074382        38.3867746689722     
 -0.112178681491523        39.1395509371132     
 -0.111560452908664        38.5940163280099     
 -0.110942224325804        37.8650595635999     
 -0.110323995742945        37.1313603194107     
 -0.109705767160086        36.7653381361507     
 -0.109087538577227        36.3657548435651     
 -0.108469309994368        35.5645788317467     
 -0.107851081411508        35.2122777150943     
 -0.107232852828649        34.6624233771153     
 -0.106614624245790        35.3257228400647     
 -0.105996395662931        36.4524641659248     
 -0.105378167080071        37.4678874263644     
 -0.104759938497212        35.6002383424798     
 -0.104141709914353        35.0579182463882     
 -0.103523481331494        34.4001407659275     
 -0.102905252748635        33.5324040479757     
 -0.102287024165775        33.3871409694654     
 -0.101668795582916        33.7624114657442     
 -0.101050567000057        33.5418866923447     
 -0.100432338417198        33.3197956136316     
 -9.981410983433851E-002   32.3505801560992     
 -9.919588125147930E-002   31.9579134369998     
 -9.857765266862008E-002   31.4439856401392     
 -9.795942408576086E-002   30.8940522917989     
 -9.734119550290164E-002   30.2899845509466     
 -9.672296692004244E-002   29.8593040554817     
 -9.610473833718322E-002   29.4229969011321     
 -9.548650975432400E-002   28.9277025938413     
 -9.486828117146479E-002   28.4142402891611     
 -9.425005258860557E-002   27.9747547986574     
 -9.363182400574635E-002   27.5240150227516     
 -9.301359542288715E-002   27.1047978489759     
 -9.239536684002794E-002   27.4973610095473     
 -9.177713825716871E-002   29.2869055242938     
 -9.115890967430951E-002   28.7633821811005     
 -9.054068109145028E-002   28.7961191939259     
 -8.992245250859107E-002   28.0185127022004     
 -8.930422392573187E-002   26.9086303899895     
 -8.868599534287264E-002   26.4516899517581     
 -8.806776676001343E-002   27.5106516648724     
 -8.744953817715420E-002   26.1854092857968     
 -8.683130959429500E-002   25.5490049878904     
 -8.621308101143577E-002   24.7469055415019     
 -8.559485242857656E-002   24.0253474884007     
 -8.497662384571736E-002   23.6372394101423     
 -8.435839526285813E-002   23.1659516564925     
 -8.374016667999892E-002   22.5103418823700     
 -8.312193809713969E-002   21.7924124236300     
 -8.250370951428049E-002   21.3794596265214     
 -8.188548093142128E-002   20.8204381233786     
 -8.126725234856205E-002   20.2806412700119     
 -8.064902376570285E-002   19.8356036861217     
 -8.003079518284362E-002   19.4091500526912     
 -7.941256659998441E-002   18.9442068564490     
 -7.879433801712521E-002   18.4499403007414     
 -7.817610943426598E-002   18.0573038419918     
 -7.755788085140677E-002   17.7770052682350     
 -7.693965226854754E-002   17.3422553009359     
 -7.632142368568834E-002   17.1680495286908     
 -7.570319510282913E-002   17.3631259735775     
 -7.508496651996990E-002   25.5669933575684     
 -7.446673793711070E-002   29.4275353874176     
 -7.384850935425147E-002   32.1960859280771     
 -7.323028077139226E-002   25.1101558492772     
 -7.261205218853306E-002   21.1844404800113     
 -7.199382360567383E-002   15.4473080571979     
 -7.137559502281463E-002   12.8442035763176     
 -7.075736643995539E-002   9.73271929571414     
 -7.013913785709619E-002   8.61462548781057     
 -6.952090927423699E-002   6.86754129187440     
 -6.890268069137775E-002   6.28758733416330     
 -6.828445210851855E-002   5.09082178016990     
 -6.766622352565932E-002   5.04068292061578     
 -6.704799494280012E-002   5.47062974740134     
 -6.642976635994091E-002   2.43149687465632     
 -6.581153777708168E-002  2.980543218112147E-004
 -6.519330919422248E-002  0.000000000000000E+000
 -6.457508061136324E-002  0.000000000000000E+000
 -6.395685202850404E-002  0.000000000000000E+000
 -6.333862344564484E-002  0.000000000000000E+000
 -6.272039486278561E-002  0.000000000000000E+000
 -6.210216627992640E-002  0.000000000000000E+000
 -6.148393769706717E-002  0.000000000000000E+000
 -6.086570911420797E-002  7.044977034972109E-004
 -6.024748053134876E-002  8.978794535239894E-002
 -5.962925194848953E-002   1.39381185576601     
 -5.901102336563033E-002   4.24120823486201     
 -5.839279478277110E-002   6.05462997611285     
 -5.777456619991189E-002   13.3220696783553     
 -5.715633761705269E-002   17.7805398608311     
 -5.653810903419346E-002   15.8165492866625     
 -5.591988045133425E-002   16.5728676911804     
 -5.530165186847502E-002   16.6222158714133     
 -5.468342328561582E-002   20.3946973104560     
 -5.406519470275661E-002   16.3342240541431     
 -5.344696611989738E-002   15.5825524840533     
 -5.282873753703818E-002   15.4325092752405     
 -5.221050895417895E-002   15.4938486321014     
 -5.159228037131974E-002   15.5286742384898     
 -5.097405178846054E-002   15.8004126975387     
 -5.035582320560131E-002   16.0727786471520     
 -4.973759462274210E-002   16.0604227225039     
 -4.911936603988287E-002   16.3442277134442     
 -4.850113745702367E-002   16.7326457856586     
 -4.788290887416446E-002   17.1662630908857     
 -4.726468029130523E-002   17.5560048192816     
 -4.664645170844603E-002   17.8995831512287     
 -4.602822312558680E-002   18.2991841010598     
 -4.540999454272759E-002   18.7728515816683     
 -4.479176595986839E-002   19.3599322380722     
 -4.417353737700916E-002   20.0882142160211     
 -4.355530879414996E-002   20.8034642166020     
 -4.293708021129072E-002   21.6150009714282     
 -4.231885162843152E-002   22.5275825888937     
 -4.170062304557232E-002   24.6073250205904     
 -4.108239446271308E-002   28.2566516677458     
 -4.046416587985388E-002   29.0704546741471     
 -3.984593729699465E-002   27.2492796866354     
 -3.922770871413545E-002   28.9875471798838     
 -3.860948013127624E-002   32.3421792508540     
 -3.799125154841701E-002   32.8109787738690     
 -3.737302296555781E-002   29.5385934571475     
 -3.675479438269857E-002   29.5031715290390     
 -3.613656579983937E-002   37.5576860633054     
 -3.551833721698017E-002   39.1782494307748     
 -3.490010863412094E-002   42.6653286847995     
 -3.428188005126173E-002   48.0628996055433     
 -3.366365146840250E-002   51.5652049292924     
 -3.304542288554330E-002   56.0205669988902     
 -3.242719430268406E-002   60.1871740890710     
 -3.180896571982486E-002   65.9527116443600     
 -3.119073713696566E-002   74.7065072078673     
 -3.057250855410643E-002   86.2494919921754     
 -2.995427997124722E-002   100.109160600588     
 -2.933605138838799E-002   125.578713909864     
 -2.871782280552879E-002   100.890370550254     
 -2.809959422266958E-002   85.4190989783609     
 -2.748136563981035E-002   76.2503919071488     
 -2.686313705695115E-002   70.1724315560929     
 -2.624490847409192E-002   65.9625264419223     
 -2.562667989123271E-002   62.7014861729287     
 -2.500845130837351E-002   61.3649503046302     
 -2.439022272551428E-002   57.7185734190605     
 -2.377199414265507E-002   56.7381212328831     
 -2.315376555979584E-002   54.9127767699702     
 -2.253553697693664E-002   55.5909216545510     
 -2.191730839407743E-002   51.9553217765742     
 -2.129907981121820E-002   50.7192252595356     
 -2.068085122835900E-002   48.7888396198810     
 -2.006262264549977E-002   47.1007659892430     
 -1.944439406264056E-002   45.7485603284623     
 -1.882616547978136E-002   44.7318842106018     
 -1.820793689692213E-002   43.7238564567531     
 -1.758970831406292E-002   42.6925625366301     
 -1.697147973120369E-002   41.7710557059620     
 -1.635325114834449E-002   40.9038464402183     
 -1.573502256548528E-002   40.2322651116396     
 -1.511679398262605E-002   39.5777679964107     
 -1.449856539976685E-002   39.0676116724087     
 -1.388033681690762E-002   38.6219640711859     
 -1.326210823404841E-002   38.1124034121158     
 -1.264387965118921E-002   37.6583569178973     
 -1.202565106832998E-002   37.2289946205887     
 -1.140742248547078E-002   36.6888489341609     
 -1.078919390261154E-002   36.2136458926826     
 -1.017096531975234E-002   35.5947127465070     
 -9.552736736893136E-003   35.1347230686087     
 -8.934508154033904E-003   34.6818805120676     
 -8.316279571174701E-003   34.2669937480117     
 -7.698050988315469E-003   34.2079282622906     
 -7.079822405456265E-003   34.1145289895295     
 -6.461593822597061E-003   34.1526900720445     
 -5.843365239737830E-003   34.0890249777300     
 -5.225136656878626E-003   32.4982413988510     
 -4.606908074019395E-003   31.3726546051195     
 -3.988679491160191E-003   30.6190372485618     
 -3.370450908300987E-003   30.3341095815701     
 -2.752222325441755E-003   29.9728793750194     
 -2.133993742582552E-003   29.5961525944416     
 -1.515765159723320E-003   29.3754417761491     
 -8.975365768641164E-004   29.1628166017493     
 -2.793079940049126E-004   29.0402132345723     
  3.389205888543190E-004   28.7723773118189     
  9.571491717135228E-004   28.4813934621850     
  1.575377754572754E-003   28.2548795206057     
  2.193606337431958E-003   28.1081175239823     
  2.811834920291162E-003   27.9292556600334     
  3.430063503150393E-003   27.6532596342742     
  4.048292086009597E-003   27.3339584136294     
  4.666520668868829E-003   26.9921836227701     
  5.284749251728033E-003   26.6803535484249     
  5.902977834587236E-003   26.4086727913109     
  6.521206417446468E-003   26.1733851515193     
  7.139435000305672E-003   25.9747559467811     
  7.757663583164903E-003   25.7622753284278     
  8.375892166024107E-003   25.3956473005932     
  8.994120748883311E-003   25.0588650044395     
  9.612349331742542E-003   25.0436402345589     
  1.023057791460175E-002   23.7163410688451     
  1.084880649746098E-002   23.5327903734986     
  1.146703508032018E-002   23.3425749585807     
  1.208526366317939E-002   23.1350653014366     
  1.270349224603862E-002   22.9749649211909     
  1.332172082889782E-002   22.8204694842703     
  1.393994941175705E-002   22.6621565246582     
  1.455817799461626E-002   22.4939168696864     
  1.517640657747546E-002   22.3699426278039     
  1.579463516033469E-002   22.2865393334693     
  1.641286374319390E-002   22.1861161730242     
  1.703109232605313E-002   23.8027116025455     
  1.764932090891233E-002   22.2531373583689     
  1.826754949177153E-002   21.5549139010171     
  1.888577807463077E-002   21.3137837263093     
  1.950400665748997E-002   20.3749101630528     
  2.012223524034920E-002   20.0991501097584     
  2.074046382320840E-002   19.9608588364265     
  2.135869240606764E-002   19.9150576910137     
  2.197692098892684E-002   19.7673495426983     
  2.259514957178604E-002   19.6133828595010     
  2.321337815464528E-002   19.4405093941900     
  2.383160673750448E-002   19.2480390016478     
  2.444983532036371E-002   19.0663411255386     
  2.506806390322291E-002   18.8674528671218     
  2.568629248608212E-002   18.7655720753945     
  2.630452106894135E-002   18.7150613938224     
  2.692274965180055E-002   18.8138121745013     
  2.754097823465979E-002   18.4955569234317     
  2.815920681751899E-002   18.1169194664323     
  2.877743540037819E-002   17.9950859207670     
  2.939566398323742E-002   17.8520600907082     
  3.001389256609663E-002   17.6918952604968     
  3.063212114895586E-002   17.4608406521176     
  3.125034973181504E-002   17.2897823906812     
  3.186857831467430E-002   17.1407376778544     
  3.248680689753350E-002   16.9492324868127     
  3.310503548039270E-002   16.8162029131908     
  3.372326406325191E-002   16.6797753056726     
  3.434149264611111E-002   16.5053594221247     
  3.495972122897037E-002   16.3350613689644     
  3.557794981182957E-002   16.1791523491511     
  3.619617839468878E-002   16.0114806192470     
  3.681440697754798E-002   15.8534564328090     
  3.743263556040718E-002   15.7219322902503     
  3.805086414326644E-002   15.5827908334104     
  3.866909272612565E-002   15.4256989376486     
  3.928732130898485E-002   15.3138415413630     
  3.990554989184406E-002   15.2485000408863     
  4.052377847470326E-002   15.1491333343428     
  4.114200705756252E-002   15.0259040684703     
  4.176023564042172E-002   14.8326828466831     
  4.237846422328093E-002   14.6671568053278     
  4.299669280614013E-002   14.5450585035073     
  4.361492138899933E-002   14.4186079402297     
  4.423314997185859E-002   14.3347777181649     
  4.485137855471780E-002   14.2394048061713     
  4.546960713757700E-002   14.1430811602046     
  4.608783572043620E-002   14.0532361426334     
  4.670606430329546E-002   13.9717317029289     
  4.732429288615467E-002   13.8974985300232     
  4.794252146901387E-002   13.8286958318387     
  4.856075005187308E-002   13.7689078844058     
  4.917897863473228E-002   13.7209126454772     
  4.979720721759154E-002   13.6837690397621     
  5.041543580045074E-002   13.6223075844110     
  5.103366438330995E-002   13.6072031032067     
  5.165189296616915E-002   13.6385893652396     
  5.227012154902835E-002   13.6459433348994     
  5.288835013188761E-002   13.6728511575783     
  5.350657871474682E-002   13.7338235459932     
  5.412480729760602E-002   13.7689651795845     
  5.474303588046522E-002   13.7835573752422     
  5.536126446332443E-002   13.9189063622772     
  5.597949304618369E-002   14.1126113751613     
  5.659772162904289E-002   19.5684078703392     
  5.721595021190209E-002   24.8492606520795     
  5.783417879476130E-002   26.9765413007369     
  5.845240737762050E-002   34.9316813505722     
  5.907063596047976E-002   32.6916273385820     
  5.968886454333897E-002   34.4347971013989     
  6.030709312619817E-002   36.0222893617916     
  6.092532170905737E-002   36.9155177698737     
  6.154355029191658E-002   40.2094155821463     
  6.216177887477584E-002   44.3621244131981     
  6.278000745763504E-002   45.3626282097715     
  6.339823604049424E-002   47.2297962356034     
  6.401646462335345E-002   46.5142954063162     
  6.463469320621265E-002   48.0145192717998     
  6.525292178907191E-002   50.1144485974462     
  6.587115037193111E-002   61.3533646393042     
  6.648937895479032E-002   66.3640406984557     
  6.710760753764952E-002   66.6791498343693     
  6.772583612050873E-002   66.3544945487769     
  6.834406470336798E-002   66.5708442609897     
  6.896229328622719E-002   66.1204108935687     
  6.958052186908639E-002   65.1310451633162     
  7.019875045194560E-002   66.1501631333836     
  7.081697903480480E-002   67.8467680979364     
  7.143520761766406E-002   67.9968829071620     
  7.205343620052326E-002   64.7948208498493     
  7.267166478338247E-002   64.5382841674603     
  7.328989336624167E-002   61.8915899272246     
  7.390812194910087E-002   61.2984535246476     
  7.452635053196013E-002   59.9651451278170     
  7.514457911481934E-002   58.3768369059304     
  7.576280769767854E-002   56.9235433344569     
  7.638103628053775E-002   55.9718519739793     
  7.699926486339695E-002   55.2877571965471     
  7.761749344625621E-002   54.7086356948249     
  7.823572202911541E-002   53.8023994160758     
  7.885395061197462E-002   53.5115130673322     
  7.947217919483382E-002   53.5588094299501     
  8.009040777769302E-002   54.9802157141468     
  8.070863636055228E-002   53.5819007061257     
  8.132686494341149E-002   54.9989319662397     
  8.194509352627069E-002   60.6236610532928     
  8.256332210912989E-002   62.0366946389738     
  8.318155069198910E-002   58.9060109096767     
  8.379977927484836E-002   56.6595674661837     
  8.441800785770756E-002   54.7743243458235     
  8.503623644056676E-002   53.7083363481905     
  8.565446502342597E-002   53.3638291021111     
  8.627269360628517E-002   53.3927542011712     
  8.689092218914443E-002   53.6956473008998     
  8.750915077200364E-002   54.7855002858946     
  8.812737935486284E-002   55.2134406296808     
  8.874560793772204E-002   55.5645058204341     
  8.936383652058125E-002   56.0042317473310     
  8.998206510344051E-002   56.6952920189856     
  9.060029368629971E-002   57.2927959344965     
  9.121852226915891E-002   57.7694215049625     
  9.183675085201812E-002   55.3321901972631     
  9.245497943487732E-002   55.7359077611117     
  9.307320801773658E-002   56.3974851943782     
  9.369143660059578E-002   60.8450978482164     
  9.430966518345499E-002   59.4693046021127     
  9.492789376631419E-002   58.6065899285690     
  9.554612234917340E-002   58.8133019789076     
  9.616435093203266E-002   60.0978531927493     
  9.678257951489186E-002   59.4962562496110     
  9.740080809775106E-002   59.2369530347927     
  9.801903668061027E-002   59.4597839438266     
  9.863726526346947E-002   59.3761163685156     
  9.925549384632873E-002   59.7905738397997     
  9.987372242918793E-002   60.5695420221693     
  0.100491951012047        61.4429108755977     
  0.101110179594906        61.6974052448930     
  0.101728408177766        62.5844909990140     
  0.102346636760625        63.5105821694091     
  0.102964865343484        64.0830164565642     
  0.103583093926343        65.1727339945637     
  0.104201322509202        66.0472423227573     
  0.104819551092062        66.4553927554393     
  0.105437779674921        66.0145419945925     
  0.106056008257780        64.0565486857611     
  0.106674236840639        62.2342987965474     
  0.107292465423498        60.7524826256369     
  0.107910694006358        61.1372481649544     
  0.108528922589217        64.7357153117364     
  0.109147151172076        67.8316807395252     
  0.109765379754935        69.4625782464899     
  0.110383608337795        70.4874772588523     
  0.111001836920654        70.9105953406448     
  0.111620065503513        70.5151803620980     
  0.112238294086372        69.7498575895304     
  0.112856522669231        72.2731095343531     
  0.113474751252091        81.1047770758617     
  0.114092979834950        83.0936413253141     
  0.114711208417809        79.2583321749846     
  0.115329437000668        81.8833943697859     
  0.115947665583528        83.2884405699456     
  0.116565894166387        85.2227792611398     
  0.117184122749246        83.7140733215810     
  0.117802351332105        85.9285940944303     
  0.118420579914964        89.3174306859175     
  0.119038808497824        78.7704385470098     
  0.119657037080683        78.5806690686063     
  0.120275265663542        78.5884784576204     
  0.120893494246401        77.9597235093550     
  0.121511722829260        78.4849906105572     
  0.122129951412120        82.8250346795626     
  0.122748179994979        90.7083068095378     
  0.123366408577838        96.4003711463056     
  0.123984637160697        91.5005370908915     
  0.124602865743557        84.4970158842392     
  0.125221094326416        78.4218528230673     
  0.125839322909275        72.8795863619013     
  0.126457551492134        68.5734786066040     
  0.127075780074993        68.2091164497831     
  0.127694008657853        70.3294603297641     
  0.128312237240712        70.9173561942692     
  0.128930465823571        71.0585648412871     
  0.129548694406430        71.6428195528758     
  0.130166922989289        72.5060135143934     
  0.130785151572149        73.7512504672158     
  0.131403380155008        81.1772946660970     
  0.132021608737867        74.8174733472862     
  0.132639837320726        74.6985636173700     
  0.133258065903586        74.6988168064544     
  0.133876294486445        74.5370099952946     
  0.134494523069304        76.1810067042914     
  0.135112751652163        78.4835638454443     
  0.135730980235022        82.8073940678332     
  0.136349208817882        86.6552758192266     
  0.136967437400741        84.9669062403321     
  0.137585665983600        82.2299291468425     
  0.138203894566459        78.8972959584481     
  0.138822123149318        76.6798934051872     
  0.139440351732178        75.2764341609545     
  0.140058580315037        74.9921092472068     
  0.140676808897896        77.3902336659687     
  0.141295037480755        72.8767088626180     
  0.141913266063615        70.1547255145073     
  0.142531494646474        68.8937477484843     
  0.143149723229333        67.2743143853715     
  0.143767951812192        66.1202013723915     
  0.144386180395051        65.7123191084194     
  0.145004408977911        65.4670502913877     
  0.145622637560770        66.3753522679564     
  0.146240866143629        65.2304745328019     
  0.146859094726488        66.4822195149610     
  0.147477323309347        68.4633941827628     
  0.148095551892207        68.7446438166566     
  0.148713780475066        69.2880847663421     
  0.149332009057925        68.4144097326149     
  0.149950237640784        68.8871720553100     
  0.150568466223644        70.8468281513452     
  0.151186694806503        72.4519854141851     
  0.151804923389362        68.7793625661869     
  0.152423151972221        70.4724435879506     
  0.153041380555080        69.9067328297897     
  0.153659609137940        69.3028281586135     
  0.154277837720799        69.2268738448416     
  0.154896066303658        68.6831255815490     
  0.155514294886517        67.6167985546134     
  0.156132523469376        67.6149624440217     
  0.156750752052236        67.8714628728046     
  0.157368980635095        68.1544127760413     
  0.157987209217954        68.6988475665674     
  0.158605437800813        69.1536135949871     
  0.159223666383673        67.5690021197237     
  0.159841894966532        66.0820657035416     
  0.160460123549391        64.9435462886242     
  0.161078352132250        64.6366333552343     
  0.161696580715109        64.4980317775482     
  0.162314809297969        64.6701981482844     
  0.162933037880828        64.4779021764323     
  0.163551266463687        64.4756803466112     
  0.164169495046546        64.6687625175730     
  0.164787723629405        65.6759669508687     
  0.165405952212265        66.1503134944199     
  0.166024180795124        64.8656660004837     
  0.166642409377983        62.8661814126609     
  0.167260637960842        64.4424812860537     
  0.167878866543702        62.5802126197025     
  0.168497095126561        72.1299976436067     
  0.169115323709420        77.0738742094519     
  0.169733552292279        75.4124017812013     
  0.170351780875138        58.5962544885514     
  0.170970009457998        53.3078191672231     
  0.171588238040857        51.3107245801458     
  0.172206466623716        48.3816570910328     
  0.172824695206575        48.3976404978359     
  0.173442923789435        47.1401522429350     
  0.174061152372294        44.5554586105709     
  0.174679380955153        44.6561648935136     
  0.175297609538012        53.2913626074121     
  0.175915838120871        65.3939440507029     
  0.176534066703731        62.7650901002150     
  0.177152295286590        59.1295155210582     
  0.177770523869449        58.6877977709779     
  0.178388752452308        58.5553265051314     
  0.179006981035167        46.1448536782018     
  0.179625209618027        42.3401936765229     
  0.180243438200886        40.0659797008363     
  0.180861666783745        38.1262152362531     
  0.181479895366604        36.6927518351065     
  0.182098123949464        35.2152164462087     
  0.182716352532323        34.3057912356482     
  0.183334581115182        33.7451103666689     
  0.183952809698041        32.8468028297979     
  0.184571038280900        31.9644505826920     
  0.185189266863760        31.2561869571313     
  0.185807495446619        33.0396939577121     
  0.186425724029478        30.7925247922885     
  0.187043952612337        30.1666778158220     
  0.187662181195196        29.4225290745525     
  0.188280409778056        28.6927373066304     
  0.188898638360915        28.1571627615979     
  0.189516866943774        27.7448184998482     
  0.190135095526633        27.3669602682378     
  0.190753324109493        26.6705545120960     
  0.191371552692352        25.9620061231001     
  0.191989781275211        25.3472449139190     
  0.192608009858070        24.7494723392602     
  0.193226238440929        24.3821417687431     
  0.193844467023789        23.8976780359446     
  0.194462695606648        23.1038995270803     
  0.195080924189507        22.5954502996352     
  0.195699152772366        21.8958947158517     
  0.196317381355225        21.2127942546434     
  0.196935609938085        20.8291995471821     
  0.197553838520944        20.4033634592762     
  0.198172067103803        19.9031834747592     
  0.198790295686662        19.3539551062214     
  0.199408524269522        18.8708603205217     
  0.200026752852381        18.1731559118290     
  0.200644981435240        17.6534838347072     
  0.201263210018099        17.1352903009755     
  0.201881438600958        16.7681238719684     
  0.202499667183818        16.7313065337194     
  0.203117895766677        15.8848352115306     
  0.203736124349536        15.5992012825322     
  0.204354352932395        15.0476690128663     
  0.204972581515254        14.5915586261858     
  0.205590810098114        13.9753280486792     
  0.206209038680973        13.6094690451692     
  0.206827267263832        12.7089323868981     
  0.207445495846691        12.1266687192809     
  0.208063724429551        11.9076927283284     
  0.208681953012410        11.4603442392810     
  0.209300181595269        10.9733239008043     
  0.209918410178128        10.5238115613629     
  0.210536638760987        11.6843840207413     
  0.211154867343847        11.1895623891616     
  0.211773095926706        9.34917158664637     
  0.212391324509565        8.50266078948092     
  0.213009553092424        7.56743431124906     
  0.213627781675283        6.94027141648308     
  0.214246010258143        7.41112768149099     
  0.214864238841002        5.41240445645833     
  0.215482467423861        5.56918319196455     
  0.216100696006720        5.62973199599439     
  0.216718924589580        4.12718225856193     
  0.217337153172439        2.02600645829228     
  0.217955381755298        1.09027682892316     
  0.218573610338157        2.29536819825947     
  0.219191838921016       0.000000000000000E+000
  0.219810067503876       0.000000000000000E+000
  0.220428296086735       0.000000000000000E+000
  0.221046524669594       0.000000000000000E+000
  0.221664753252453       0.000000000000000E+000
  0.222282981835313       0.000000000000000E+000
  0.222901210418172       0.000000000000000E+000
  0.223519439001031       0.000000000000000E+000
  0.224137667583890       0.000000000000000E+000
  0.224755896166749       0.000000000000000E+000
  0.225374124749609       0.000000000000000E+000
  0.225992353332468       0.000000000000000E+000
  0.226610581915327       0.000000000000000E+000
  0.227228810498186       0.000000000000000E+000
  0.227847039081045       0.000000000000000E+000
  0.228465267663905       0.000000000000000E+000
  0.229083496246764       0.000000000000000E+000
  0.229701724829623       0.000000000000000E+000
  0.230319953412482       0.000000000000000E+000
  0.230938181995341       0.000000000000000E+000
  0.231556410578201       0.000000000000000E+000
  0.232174639161060       0.000000000000000E+000
  0.232792867743919       0.000000000000000E+000
  0.233411096326778       0.000000000000000E+000
  0.234029324909638       0.000000000000000E+000
  0.234647553492497       0.000000000000000E+000
  0.235265782075356       0.000000000000000E+000
  0.235884010658215       0.000000000000000E+000
  0.236502239241074       0.000000000000000E+000
  0.237120467823934       0.000000000000000E+000
  0.237738696406793       0.000000000000000E+000
  0.238356924989652       0.247718425125903     
  0.238975153572511        4.02963630124901     
  0.239593382155370        3.54486990341598     
  0.240211610738230        4.51704714904292     
  0.240829839321089        5.22483880067354     
  0.241448067903948        5.74864288530966     
  0.242066296486807        7.91215403267191     
  0.242684525069667        7.22913834798244     
  0.243302753652526        7.93715675082589     
  0.243920982235385        8.67881448397376     
  0.244539210818244        9.81212843833170     
  0.245157439401103        12.5944177366857     
  0.245775667983963        22.6324937350181     
  0.246393896566822        16.2488537991042     
  0.247012125149681        15.0159446690021     
  0.247630353732540        15.2234344040954     
  0.248248582315400        15.4974213243960     
  0.248866810898259        15.6340586436130     
  0.249485039481118        15.7213613054254     
  0.250103268063977        15.8399600546734     
  0.250721496646836        16.2929970605502     
  0.251339725229696        16.6335777580418     
  0.251957953812555        17.2123313106970     
  0.252576182395414        17.9268676853519     
  0.253194410978273        18.6457793663538     
  0.253812639561132        19.2543451389060     
  0.254430868143992        20.1174757821386     
  0.255049096726851        21.0934850344046     
  0.255667325309710        22.0560209565847     
  0.256285553892569        23.4457458540806     
  0.256903782475429        27.9027699577651     
  0.257522011058288        27.3062368415411     
  0.258140239641147        26.9713327974798     
  0.258758468224006        26.1255973531600     
  0.259376696806865        25.9011233121161     
  0.259994925389725        25.6887312356511     
  0.260613153972584        25.6774312360352     
  0.261231382555443        25.5878881009052     
  0.261849611138302        25.9346140968557     
  0.262467839721161        27.2999373354298     
  0.263086068304021        27.1417732177394     
  0.263704296886880        27.6369291709727     
  0.264322525469739        29.3003274253465     
  0.264940754052598        29.4787453040267     
  0.265558982635458        29.1346222043808     
  0.266177211218317        28.8422364561041     
  0.266795439801176        29.4967389438026     
  0.267413668384035        30.1535257874897     
  0.268031896966894        30.7920987383214     
  0.268650125549754        31.4593457831327     
  0.269268354132613        32.1239290192990     
  0.269886582715472        32.6987179448305     
  0.270504811298331        33.1414324105989     
  0.271123039881190        33.5832502254359     
  0.271741268464050        34.0209105726938     
  0.272359497046909        34.5780474972536     
  0.272977725629768        35.4760381074799     
  0.273595954212627        36.8706147835399     
  0.274214182795487        38.4437974210602     
  0.274832411378346        38.8162810674686     
  0.275450639961205        40.1098858891530     
  0.276068868544064        41.6831672935479     
  0.276687097126923        41.4254774087542     
  0.277305325709783        42.1119663820420     
  0.277923554292642        43.3994885497552     
  0.278541782875501        44.9639344994523     
  0.279160011458360        45.1746517578570     
  0.279778240041219        46.1730501437283     
  0.280396468624079        47.7981304908075     
  0.281014697206938        50.9608584745835     
  0.281632925789797        50.9119431368369     
  0.282251154372656        50.7694149875730     
  0.282869382955516        51.4685651992086     
  0.283487611538375        52.2531310012864     
  0.284105840121234        53.2859595623236     
  0.284724068704093        54.6645795340986     
  0.285342297286952        55.6295761218294     
  0.285960525869812        55.5369479586440     
  0.286578754452671        56.3685175226116     
  0.287196983035530        57.3957237072466     
  0.287815211618389        57.9700525404586     
  0.288433440201249        59.0404072868250     
  0.289051668784108        60.5285955720176     
  0.289669897366967        62.1296790327975     
  0.290288125949826        63.5486615297050     
  0.290906354532685        63.9190857483211     
  0.291524583115545        64.9543293760371     
  0.292142811698404        65.9956584452256     
  0.292761040281263        66.8960675429170     
  0.293379268864122        68.2541611074097     
  0.293997497446981        69.4145565131824     
  0.294615726029841        71.1784786883153     
  0.295233954612700        74.6977530971154     
  0.295852183195559        80.7132480021632     
  0.296470411778418        84.1036842548684     
  0.297088640361277        86.8251923304700     
  0.297706868944137        87.6471458431480     
  0.298325097526996        91.6453247493805     
  0.298943326109855        94.0338517812960     
  0.299561554692714        93.5863018316718     
  0.300179783275573        91.5291601154796     
  0.300798011858433        90.5583995552851     
  0.301416240441292        91.8319988127754     
  0.302034469024151        90.3125872632937     
  0.302652697607010        88.6866992604747     
  0.303270926189870        83.3561717315200     
  0.303889154772729        78.5147133984649     
  0.304507383355588        77.6573336904987     
  0.305125611938447        76.4726417178692     
  0.305743840521306        76.2631960935611     
  0.306362069104166        74.9033301425973     
  0.306980297687025        72.3577635528482     
  0.307598526269884        72.6889701727740     
  0.308216754852743        74.8577665467425     
  0.308834983435603        73.8059512365303     
  0.309453212018462        78.3722739998687     
  0.310071440601321        79.1959030215244     
  0.310689669184180        80.6298133210083     
  0.311307897767039        80.2650058074583     
  0.311926126349899        77.4617377923872     
  0.312544354932758        76.2840779244287     
  0.313162583515617        77.5940857229830     
  0.313780812098476        74.2369137561837     
  0.314399040681336        72.0746379937575     
  0.315017269264195        71.0534213708088     
  0.315635497847054        69.9419823467234     
  0.316253726429913        69.7792675815394     
  0.316871955012772        69.4620756657227     
  0.317490183595632        70.2860209401346     
  0.318108412178491        67.7104959032738     
  0.318726640761350        62.2715139501947     
  0.319344869344209        59.5304357225795     
  0.319963097927068        57.2724126426107     
  0.320581326509928        58.3217476067162     
  0.321199555092787        58.8314218105624     
  0.321817783675646        59.7814863938665     
  0.322436012258505        59.9445456885104     
  0.323054240841364        58.8812489180092     
  0.323672469424224        58.7289396079695     
  0.324290698007083        58.2464045682931     
  0.324908926589942        58.7230662574582     
  0.325527155172801        56.6014081148383     
  0.326145383755661        55.8415665780046     
  0.326763612338520        55.9787513407540     
  0.327381840921379        56.8160876974032     
  0.328000069504238        57.8832829001264     
  0.328618298087097        57.4005268772769     
  0.329236526669957        54.9577605543371     
  0.329854755252816        53.7574069425250     
  0.330472983835675        53.1505716541812     
  0.331091212418534        54.4520498002924     
  0.331709441001394        53.9991776283482     
  0.332327669584253        52.4397943058164     
  0.332945898167112        52.5223023996771     
  0.333564126749971        54.0236291495409     
  0.334182355332830        56.4753081227231     
  0.334800583915690        60.6631620588774     
  0.335418812498549        65.5967140784069     
  0.336037041081408        71.7469188516968     
  0.336655269664267        83.8512468083022     
  0.337273498247126        91.6232839388684     
  0.337891726829986        104.003379146146     
  0.338509955412845        112.482929361270     
  0.339128183995704        122.478070387994     
  0.339746412578563        127.557412744531     
  0.340364641161423        131.323658157883     
  0.340982869744282        121.763744384920     
  0.341601098327141        118.178383456667     
  0.342219326910000        109.586974703357     
  0.342837555492859        114.564836010427     
  0.343455784075719        112.412280755814     
  0.344074012658578        106.903371283530     
  0.344692241241437        98.1175415474470     
  0.345310469824296        92.4922998380194     
  0.345928698407155        89.1652177041218     
  0.346546926990015        83.2775651572632     
  0.347165155572874        79.3480357847392     
  0.347783384155733        77.3976520357329     
  0.348401612738592        75.3715193682963     
  0.349019841321451        73.6469123306419     
  0.349638069904311        75.7281504703178     
  0.350256298487170        76.6071889570298     
  0.350874527070029        75.2312736654904     
  0.351492755652888        77.6575806942786     
  0.352110984235748        77.6448226761487     
  0.352729212818607        76.3495999718893     
  0.353347441401466        74.9490903018496     
  0.353965669984325        73.5099847125477     
  0.354583898567184        72.9930295893987     
  0.355202127150044        73.7818581542700     
  0.355820355732903        74.8390002269115     
  0.356438584315762        75.3228085627874     
  0.357056812898621        77.1048862060506     
  0.357675041481481        80.3214640202209     
  0.358293270064340        83.6521650524174     
  0.358911498647199        80.1391358839647     
  0.359529727230058        72.0215949954055     
  0.360147955812917        73.8643444931145     
  0.360766184395777        62.8754095498050     
  0.361384412978636        52.3970050229359     
  0.362002641561495        50.9095955173812     
  0.362620870144354        50.5787291534032     
  0.363239098727213        50.1441703284771     
  0.363857327310073        49.5419205243990     
  0.364475555892932        50.2612916907622     
  0.365093784475791        50.3240062089498     
  0.365712013058650        49.7531703665620     
  0.366330241641510        49.0687529246530     
  0.366948470224369        47.0536352333836     
  0.367566698807228        46.3541177913370     
  0.368184927390087        45.8309057213447     
  0.368803155972946        46.1124793297336     
  0.369421384555806        44.8618125531690     
  0.370039613138665        43.9446004568899     
  0.370657841721524        43.9549513472774     
  0.371276070304383        43.0583618117676     
  0.371894298887242        42.3204588737983     
  0.372512527470102        41.9507521054280     
  0.373130756052961        41.7658813645450     
  0.373748984635820        39.8769177338657     
  0.374367213218679        38.8579970789952     
  0.374985441801539        38.5711102408095     
  0.375603670384398        37.7230560918580     
  0.376221898967257        36.9055392743581     
  0.376840127550116        35.5507522617403     
  0.377458356132975        34.0784184120479     
  0.378076584715835        34.1014027223849     
  0.378694813298694        34.1121207951221     
  0.379313041881553        28.0901938759404     
  0.379931270464412        26.0696512417711     
  0.380549499047272        25.1226641437339     
  0.381167727630131        23.7400779269513     
  0.381785956212990        22.4050926321111     
  0.382404184795849        21.1340225741192     
  0.383022413378708        19.9363272718142     
  0.383640641961568        18.7518039357149     
  0.384258870544427        17.5921229548844     
  0.384877099127286        16.8706792344842     
  0.385495327710145        15.9306435756728     
  0.386113556293004        13.7866111256864     
  0.386731784875864        12.8834708721917     
  0.387350013458723        12.0224507725038     
  0.387968242041582        10.4548050535942     
  0.388586470624441        9.36187279403493     
  0.389204699207300        8.34542864369666     
  0.389822927790160        7.37927000350904     
  0.390441156373019        8.44275003193363     
  0.391059384955878        5.86765631052136     
  0.391677613538737        3.64648273980075     
  0.392295842121597        2.96615591389538     
  0.392914070704456        3.60365843519151     
  0.393532299287315        3.16319191529911     
  0.394150527870174        2.78762328829592     
  0.394768756453033        2.31166955564657     
  0.395386985035893        2.03034015536954     
  0.396005213618752        1.73198586273886     
  0.396623442201611        1.05736403931479     
  0.397241670784470       0.800316108635700     
  0.397859899367329       0.367945156037553     
  0.398478127950189       0.117123497517864     
