 -0.212025997795262        5.30391859441935     
 -0.211439263733466        5.57261699751070     
 -0.210852529671671        5.84960269316715     
 -0.210265795609875        6.13487568138872     
 -0.209679061548080        6.42843596217540     
 -0.209092327486284        6.73028353552719     
 -0.208505593424489        7.04041840144407     
 -0.207918859362693        7.35884055992607     
 -0.207332125300898        7.68555001097318     
 -0.206745391239102        8.02054675458540     
 -0.206158657177307        8.36383079076272     
 -0.205571923115511        8.71540211950515     
 -0.204985189053716        9.07526074081270     
 -0.204398454991920        9.44340665468534     
 -0.203811720930125        9.81983986112310     
 -0.203224986868329        10.2045603601260     
 -0.202638252806534        10.5975681516940     
 -0.202051518744738        10.9988632358270     
 -0.201464784682943        11.4084456125252     
 -0.200878050621147        11.8263152817885     
 -0.200291316559352        12.2524722436169     
 -0.199704582497556        12.6869164980105     
 -0.199117848435761        13.1296480449691     
 -0.198531114373965        13.5806668844928     
 -0.197944380312170        14.0399730165816     
 -0.197357646250374        14.5075664412356     
 -0.196770912188579        14.8979991443845     
 -0.196184178126783        15.7844297266786     
 -0.195597444064988        17.4589440921838     
 -0.195010710003192        19.8658622013233     
 -0.194423975941397        25.1093762996234     
 -0.193837241879601        31.9887712084595     
 -0.193250507817806        30.0780067503733     
 -0.192663773756010        27.9163478951738     
 -0.192077039694215        24.7401444196104     
 -0.191490305632419        20.7034748000548     
 -0.190903571570624        21.3038071107918     
 -0.190316837508828        21.3710849810753     
 -0.189730103447033        21.5015935612598     
 -0.189143369385237        21.7295665256573     
 -0.188556635323442        21.9751576533370     
 -0.187969901261646        22.2009085228597     
 -0.187383167199851        22.4057774046928     
 -0.186796433138055        22.5897642988364     
 -0.186209699076260        22.7528692052903     
 -0.185622965014464        22.8950921240547     
 -0.185036230952668        23.0164330551296     
 -0.184449496890873        23.1168919985149     
 -0.183862762829077        23.1964689542106     
 -0.183276028767282        23.2551639222167     
 -0.182689294705486        23.2929769025333     
 -0.182102560643691        23.3099078951603     
 -0.181515826581895        23.3059569000978     
 -0.180929092520100        23.2811239173456     
 -0.180342358458304        23.2354089469039     
 -0.179755624396509        23.1688119887727     
 -0.179168890334713        23.0813330429519     
 -0.178582156272918        22.9729721094415     
 -0.177995422211122        22.8437291882415     
 -0.177408688149327        22.6936042793520     
 -0.176821954087531        22.5225973827729     
 -0.176235220025736        22.3307084985042     
 -0.175648485963940        22.1321798705705     
 -0.175061751902145        22.0167165066127     
 -0.174475017840349        21.9297602579520     
 -0.173888283778554        21.3687701091160     
 -0.173301549716758        25.4949551026233     
 -0.172714815654963        28.6798590485153     
 -0.172128081593167        30.8315438192368     
 -0.171541347531372        32.3583892790574     
 -0.170954613469576        25.8066893579961     
 -0.170367879407781        22.1424906886831     
 -0.169781145345985        19.7078150533486     
 -0.169194411284190        17.9814568742575     
 -0.168607677222394        16.9354745690477     
 -0.168020943160599        16.4149439571182     
 -0.167434209098803        15.7729727874727     
 -0.166847475037008        15.1318404567398     
 -0.166260740975212        14.5053612177202     
 -0.165674006913417        13.8935350704139     
 -0.165087272851621        13.2963620148210     
 -0.164500538789826        12.7138420509415     
 -0.163913804728030        12.1459751787753     
 -0.163327070666235        11.5927613983225     
 -0.162740336604439        11.0542007095831     
 -0.162153602542644        10.5302931125569     
 -0.161566868480848        10.0210386072442     
 -0.160980134419053        9.52643719364481     
 -0.160393400357257        9.04648887175876     
 -0.159806666295462        8.58179279679333     
 -0.159219932233666        8.15038058860623     
 -0.158633198171870        8.34019125052062     
 -0.158046464110075        11.0564681068057     
 -0.157459730048279        16.5659614213543     
 -0.156872995986484        23.3458137788867     
 -0.156286261924688        26.1350985806247     
 -0.155699527862893        30.0521016391206     
 -0.155112793801097        33.5655048801598     
 -0.154526059739302        32.0175735728998     
 -0.153939325677506        27.0659763362522     
 -0.153352591615711        29.6040246571867     
 -0.152765857553915        30.7754699650960     
 -0.152179123492120        30.3987763397000     
 -0.151592389430324        28.3082992061570     
 -0.151005655368529        24.4434244997246     
 -0.150418921306733        24.4615046773386     
 -0.149832187244938        24.9358442717499     
 -0.149245453183142        25.4003733520742     
 -0.148658719121347        25.8550919183114     
 -0.148071985059551        26.2999999704615     
 -0.147485250997756        26.7350975085246     
 -0.146898516935960        27.1603845325006     
 -0.146311782874165        27.5758610423895     
 -0.145725048812369        27.9815270381913     
 -0.145138314750574        28.4196989328887     
 -0.144551580688778        29.3711560555910     
 -0.143964846626983        31.1386082446811     
 -0.143378112565187        34.9980702243697     
 -0.142791378503392        41.4237417555807     
 -0.142204644441596        51.2279407726342     
 -0.141617910379801        60.0966786867975     
 -0.141031176318005        60.8567261389157     
 -0.140444442256210        60.8857579289702     
 -0.139857708194414        61.9963951199155     
 -0.139270974132619        63.8284172102485     
 -0.138684240070823        66.6254062327869     
 -0.138097506009028        67.9979174176182     
 -0.137510771947232        66.5538288230386     
 -0.136924037885437        67.3296317567672     
 -0.136337303823641        64.1429257398782     
 -0.135750569761846        59.4110253265180     
 -0.135163835700050        58.5187885308704     
 -0.134577101638255        73.1523140343057     
 -0.133990367576459        68.6894280083066     
 -0.133403633514663        61.3813711558267     
 -0.132816899452868        62.2718048600451     
 -0.132230165391072        58.0470940828128     
 -0.131643431329277        50.1397254226833     
 -0.131056697267481        42.2224903891870     
 -0.130469963205686        38.8668949689643     
 -0.129883229143890        36.2569108910250     
 -0.129296495082095        40.4115085872845     
 -0.128709761020299        42.5780520373269     
 -0.128123026958504        42.7329639200789     
 -0.127536292896708        30.1172308297115     
 -0.126949558834913        26.1852685383700     
 -0.126362824773117        26.4575370082631     
 -0.125776090711322        26.7378455142686     
 -0.125189356649526        27.0261940563863     
 -0.124602622587731        27.3225826346163     
 -0.124015888525935        27.6270112489586     
 -0.123429154464140        27.9394798994131     
 -0.122842420402344        28.2599885859799     
 -0.122255686340549        28.5885373086591     
 -0.121668952278753        28.9251260674504     
 -0.121082218216958        29.2697548623541     
 -0.120495484155162        29.6224236933700     
 -0.119908750093367        29.9831325604982     
 -0.119322016031571        30.3518814637387     
 -0.118735281969776        30.7286704030915     
 -0.118148547907980        31.1134993785565     
 -0.117561813846185        31.5063683901338     
 -0.116975079784389        31.9072774378234     
 -0.116388345722594        32.3162265216252     
 -0.115801611660798        32.7332156415394     
 -0.115214877599003        33.1581791894152     
 -0.114628143537207        33.3697571284300     
 -0.114041409475412        36.0845440925965     
 -0.113454675413616        45.4438902124833     
 -0.112867941351821        50.7012890423995     
 -0.112281207290025        51.6703808175712     
 -0.111694473228230        47.6381459689617     
 -0.111107739166434        38.9947635935693     
 -0.110521005104639        36.7221658157593     
 -0.109934271042843        37.2507595711137     
 -0.109347536981048        37.5469534198953     
 -0.108760802919252        37.9725382557046     
 -0.108174068857457        38.4409061671085     
 -0.107587334795661        38.8899481864965     
 -0.107000600733866        39.3196168615881     
 -0.106413866672070        39.7299121923832     
 -0.105827132610275        40.1208341788819     
 -0.105240398548479        40.4923828210841     
 -0.104653664486683        40.8445581189899     
 -0.104066930424888        41.1773600725992     
 -0.103480196363092        41.4907886819121     
 -0.102893462301297        41.7848439469285     
 -0.102306728239501        42.0595258676485     
 -0.101719994177706        42.3148344440721     
 -0.101133260115910        42.5507696761991     
 -0.100546526054115        42.7673315640297     
 -9.995979199231939E-002   42.9645201075639     
 -9.937305793052388E-002   43.1423353068017     
 -9.878632386872838E-002   43.3575898720726     
 -9.819958980693286E-002   48.1305388781961     
 -9.761285574513735E-002   58.1401926102632     
 -9.702612168334183E-002   64.2176267730816     
 -9.643938762154633E-002   68.4949463025648     
 -9.585265355975081E-002   70.1020323739696     
 -9.526591949795531E-002   71.7921699618462     
 -9.467918543615979E-002   70.1942484838935     
 -9.409245137436428E-002   64.3261368734063     
 -9.350571731256876E-002   63.1208363247856     
 -9.291898325077326E-002   62.0464914938425     
 -9.233224918897776E-002   60.3691221221328     
 -9.174551512718224E-002   58.1711977853491     
 -9.115878106538673E-002   116.885634544603     
 -9.057204700359121E-002   58.3731100650106     
 -8.998531294179571E-002   67.9505552242224     
 -8.939857888000019E-002   56.3758520106285     
 -8.881184481820469E-002   50.5049732435081     
 -8.822511075640917E-002   47.0608710015552     
 -8.763837669461366E-002   41.5202643110223     
 -8.705164263281814E-002   28.0741117607248     
 -8.646490857102265E-002   15.9717917130575     
 -8.587817450922713E-002   7.76352202116722     
 -8.529144044743162E-002   2.99680115358070     
 -8.470470638563610E-002  0.970565207348655     
 -8.411797232384061E-002  0.156330538464225     
 -8.353123826204509E-002  0.000000000000000E+000
 -8.294450420024957E-002  0.000000000000000E+000
 -8.235777013845405E-002  0.000000000000000E+000
 -8.177103607665856E-002  0.000000000000000E+000
 -8.118430201486304E-002  0.000000000000000E+000
 -8.059756795306752E-002  0.000000000000000E+000
 -8.001083389127203E-002  0.000000000000000E+000
 -7.942409982947651E-002  0.000000000000000E+000
 -7.883736576768099E-002  0.000000000000000E+000
 -7.825063170588548E-002  0.000000000000000E+000
 -7.766389764408999E-002  0.000000000000000E+000
 -7.707716358229447E-002  0.000000000000000E+000
 -7.649042952049895E-002  0.000000000000000E+000
 -7.590369545870343E-002  0.000000000000000E+000
 -7.531696139690794E-002  0.000000000000000E+000
 -7.473022733511242E-002  0.000000000000000E+000
 -7.414349327331690E-002  0.000000000000000E+000
 -7.355675921152141E-002  0.000000000000000E+000
 -7.297002514972589E-002  0.000000000000000E+000
 -7.238329108793037E-002  0.000000000000000E+000
 -7.179655702613486E-002  0.000000000000000E+000
 -7.120982296433936E-002  0.000000000000000E+000
 -7.062308890254385E-002  0.000000000000000E+000
 -7.003635484074833E-002  0.000000000000000E+000
 -6.944962077895281E-002  0.000000000000000E+000
 -6.886288671715732E-002  0.000000000000000E+000
 -6.827615265536180E-002  0.000000000000000E+000
 -6.768941859356628E-002  0.000000000000000E+000
 -6.710268453177079E-002  0.000000000000000E+000
 -6.651595046997527E-002  0.000000000000000E+000
 -6.592921640817975E-002  0.000000000000000E+000
 -6.534248234638423E-002  0.000000000000000E+000
 -6.475574828458874E-002  0.000000000000000E+000
 -6.416901422279322E-002  0.000000000000000E+000
 -6.358228016099771E-002  0.000000000000000E+000
 -6.299554609920219E-002  0.000000000000000E+000
 -6.240881203740670E-002  0.000000000000000E+000
 -6.182207797561118E-002  0.000000000000000E+000
 -6.123534391381566E-002  0.000000000000000E+000
 -6.064860985202017E-002  0.000000000000000E+000
 -6.006187579022465E-002  0.000000000000000E+000
 -5.947514172842913E-002  0.000000000000000E+000
 -5.888840766663361E-002  0.000000000000000E+000
 -5.830167360483812E-002  0.000000000000000E+000
 -5.771493954304260E-002  0.000000000000000E+000
 -5.712820548124709E-002  0.000000000000000E+000
 -5.654147141945157E-002  0.000000000000000E+000
 -5.595473735765608E-002  0.000000000000000E+000
 -5.536800329586056E-002  0.000000000000000E+000
 -5.478126923406504E-002  0.000000000000000E+000
 -5.419453517226955E-002  0.000000000000000E+000
 -5.360780111047403E-002  0.000000000000000E+000
 -5.302106704867851E-002  0.000000000000000E+000
 -5.243433298688299E-002  0.000000000000000E+000
 -5.184759892508750E-002  0.000000000000000E+000
 -5.126086486329198E-002  0.000000000000000E+000
 -5.067413080149646E-002  0.000000000000000E+000
 -5.008739673970095E-002  0.000000000000000E+000
 -4.950066267790545E-002  0.000000000000000E+000
 -4.891392861610994E-002  0.000000000000000E+000
 -4.832719455431442E-002  0.000000000000000E+000
 -4.774046049251893E-002  0.000000000000000E+000
 -4.715372643072341E-002  0.000000000000000E+000
 -4.656699236892789E-002  0.000000000000000E+000
 -4.598025830713237E-002  0.000000000000000E+000
 -4.539352424533688E-002  0.000000000000000E+000
 -4.480679018354136E-002  0.000000000000000E+000
 -4.422005612174584E-002  0.000000000000000E+000
 -4.363332205995032E-002  0.000000000000000E+000
 -4.304658799815483E-002  0.000000000000000E+000
 -4.245985393635932E-002  0.000000000000000E+000
 -4.187311987456380E-002  0.000000000000000E+000
 -4.128638581276831E-002  0.000000000000000E+000
 -4.069965175097279E-002  0.000000000000000E+000
 -4.011291768917727E-002  1.582685377109639E-002
 -3.952618362738175E-002  0.402547447013645     
 -3.893944956558626E-002   3.16418846873715     
 -3.835271550379074E-002   14.9450925580341     
 -3.776598144199522E-002   33.4249470014190     
 -3.717924738019970E-002   47.8697499692427     
 -3.659251331840421E-002   55.7329301879320     
 -3.600577925660869E-002   50.4434099826052     
 -3.541904519481318E-002   83.7334315180581     
 -3.483231113301768E-002   129.428274802983     
 -3.424557707122217E-002   107.179219750181     
 -3.365884300942665E-002   110.730652398642     
 -3.307210894763113E-002   112.219277100037     
 -3.248537488583564E-002   111.777587228725     
 -3.189864082404012E-002   109.876814010511     
 -3.131190676224460E-002   111.054634913177     
 -3.072517270044908E-002   188.078243311567     
 -3.013843863865359E-002   108.316288627705     
 -2.955170457685807E-002   100.499791667503     
 -2.896497051506255E-002   97.8443591557631     
 -2.837823645326706E-002   172.743061140180     
 -2.779150239147155E-002   111.777047141359     
 -2.720476832967603E-002   107.999366409519     
 -2.661803426788051E-002   104.206435485727     
 -2.603130020608502E-002   100.398039033523     
 -2.544456614428950E-002   96.5741770529079     
 -2.485783208249398E-002   92.7348495438805     
 -2.427109802069849E-002   88.8800565064415     
 -2.368436395890297E-002   82.9999871333888     
 -2.309762989710745E-002   137.056184110367     
 -2.251089583531193E-002   26.7248042783433     
 -2.192416177351644E-002   26.7541135839916     
 -2.133742771172092E-002   26.7821175468194     
 -2.075069364992541E-002   26.8088161668267     
 -2.016395958812989E-002   26.8342094440136     
 -1.957722552633440E-002   26.8582973783799     
 -1.899049146453888E-002   26.8810799699259     
 -1.840375740274336E-002   26.9025572186513     
 -1.781702334094787E-002   26.9227291245563     
 -1.723028927915235E-002   26.9415956876408     
 -1.664355521735683E-002   26.9591569079048     
 -1.605682115556131E-002   26.9754127853484     
 -1.547008709376582E-002   26.9903633199715     
 -1.488335303197030E-002   27.0040085117741     
 -1.429661897017478E-002   27.0163483607562     
 -1.370988490837927E-002   27.0273828669179     
 -1.312315084658378E-002   27.0371120302591     
 -1.253641678478826E-002   27.0455358507798     
 -1.194968272299274E-002   27.0526543284801     
 -1.136294866119725E-002   27.0584674633599     
 -1.077621459940173E-002   27.0629752554192     
 -1.018948053760621E-002   28.6579942132653     
 -9.602746475810692E-003   30.8407309023143     
 -9.016012414015201E-003   32.2110456007441     
 -8.429278352219682E-003   32.7893286911885     
 -7.842544290424164E-003   32.5786496297825     
 -7.255810228628645E-003   31.5811933039042     
 -6.669076166833154E-003   29.7977467296819     
 -6.082342105037636E-003   28.4153289642246     
 -5.495608043242117E-003   28.7156361519255     
 -4.908873981446626E-003   28.7747301100715     
 -4.322139919651108E-003   28.7938194842620     
 -3.735405857855589E-003   28.8189120561852     
 -3.148671796060071E-003   28.8483619179558     
 -2.561937734264580E-003   28.8790761300802     
 -1.975203672469061E-003   28.9089198115345     
 -1.388469610673543E-003   28.9376175237287     
 -8.017355488780242E-004   28.9566359768032     
 -2.150014870825334E-004   28.8946574031651     
  3.717325747129852E-004   28.7220457475173     
  9.584666365085037E-004   28.8948694546802     
  1.545200698303995E-003   30.3640150324383     
  2.131934760099513E-003   31.6814868331378     
  2.718668821895032E-003   33.3812715849365     
  3.305402883690550E-003   35.6695766046245     
  3.892136945486041E-003   37.3115028782222     
  4.478871007281560E-003   38.6810578702551     
  5.065605069077078E-003   39.8957756413321     
  5.652339130872597E-003   39.2921419069001     
  6.239073192668088E-003   36.8109002778617     
  6.825807254463606E-003   34.7823804123069     
  7.412541316259125E-003   32.4612291811345     
  7.999275378054616E-003   39.6152111532186     
  8.586009439850134E-003   51.9547444474088     
  9.172743501645653E-003   36.8978885621415     
  9.759477563441171E-003   34.9994300257271     
  1.034621162523666E-002   30.0317859407575     
  1.093294568703218E-002   23.7212942767457     
  1.151967974882770E-002   19.9845422915407     
  1.210641381062322E-002   19.1392674958229     
  1.269314787241871E-002   19.1470013550509     
  1.327988193421423E-002   19.1532199743384     
  1.386661599600975E-002   19.1579233536855     
  1.445335005780524E-002   19.1611114930922     
  1.504008411960076E-002   19.1627843925585     
  1.562681818139627E-002   19.1629420520844     
  1.621355224319179E-002   19.1615844716698     
  1.680028630498728E-002   19.1587116513148     
  1.738702036678280E-002   19.1543235910194     
  1.797375442857832E-002   19.1484202907836     
  1.856048849037384E-002   19.1410017506073     
  1.914722255216933E-002   19.1320679704906     
  1.973395661396485E-002   19.1216189504335     
  2.032069067576037E-002   19.1096546904360     
  2.090742473755586E-002   19.0961751904981     
  2.149415879935138E-002   19.0811804506198     
  2.208089286114689E-002   19.0646704708010     
  2.266762692294241E-002   19.0466452510418     
  2.325436098473790E-002   19.0271047913422     
  2.384109504653342E-002   19.0060490917021     
  2.442782910832894E-002   18.9834781521217     
  2.501456317012446E-002   18.9593919726008     
  2.560129723191995E-002   18.9337905531395     
  2.618803129371547E-002   18.9066738937378     
  2.677476535551099E-002   18.8780419943956     
  2.736149941730648E-002   18.8478948551131     
  2.794823347910200E-002   18.8162324758901     
  2.853496754089752E-002   18.7830548567267     
  2.912170160269303E-002   18.7483619976229     
  2.970843566448853E-002   18.7121538985786     
  3.029516972628404E-002   18.6744305595940     
  3.088190378807956E-002   18.6351919806689     
  3.146863784987508E-002   18.5944381618034     
  3.205537191167057E-002   18.5521691029975     
  3.264210597346609E-002   18.5083848042511     
  3.322884003526161E-002   18.4630852655644     
  3.381557409705710E-002   18.4162704869372     
  3.440230815885262E-002   18.3679404683696     
  3.498904222064814E-002   18.3180952098616     
  3.557577628244366E-002   18.2667347114131     
  3.616251034423915E-002   18.2138589730243     
  3.674924440603466E-002   18.1594679946950     
  3.733597846783018E-002   18.1035617764253     
  3.792271252962570E-002   18.0461403182151     
  3.850944659142119E-002   17.9872036200646     
  3.909618065321668E-002   17.9410893998089     
  3.968291471501223E-002   18.0040196303879     
  4.026964877680772E-002   18.0517911985074     
  4.085638283860327E-002   17.9803122810691     
  4.144311690039876E-002   27.2404223060289     
  4.202985096219425E-002   28.3558718504805     
  4.261658502398979E-002   18.4970407741333     
  4.320331908578529E-002   15.6980572062849     
  4.379005314758078E-002   15.8150186932091     
  4.437678720937632E-002   15.7903985343934     
  4.496352127117181E-002   15.7928924771335     
  4.555025533296730E-002   15.7588568619475     
  4.613698939476285E-002   15.7530627885359     
  4.672372345655834E-002   16.9992636932761     
  4.731045751835389E-002   18.6498077060731     
  4.789719158014938E-002   19.9593708699882     
  4.848392564194487E-002   21.0813703425828     
  4.907065970374042E-002   21.7403014699315     
  4.965739376553591E-002   21.3272066249492     
  5.024412782733140E-002   20.3865037825566     
  5.083086188912694E-002   19.2868643235273     
  5.141759595092243E-002   17.9834004029112     
  5.200433001271793E-002   17.4435792058248     
  5.259106407451347E-002   17.8032784038695     
  5.317779813630896E-002   17.9618196167389     
  5.376453219810451E-002   18.0080341243867     
  5.435126625990000E-002   18.2266622356010     
  5.493800032169549E-002   18.5192247241603     
  5.552473438349104E-002   18.8767976648967     
  5.611146844528653E-002   19.2343529128899     
  5.669820250708202E-002   19.5771239421723     
  5.728493656887756E-002   19.8892174306403     
  5.787167063067306E-002   20.1668358912131     
  5.845840469246855E-002   20.4099793238907     
  5.904513875426409E-002   20.6186477286732     
  5.963187281605958E-002   20.7928411055605     
  6.021860687785513E-002   20.9325594545526     
  6.080534093965062E-002   21.0378027756495     
  6.139207500144611E-002   21.1085710688513     
  6.197880906324166E-002   21.1448643341578     
  6.256554312503715E-002   21.1959468116033     
  6.315227718683264E-002   21.9787450812124     
  6.373901124862819E-002   23.7662550941276     
  6.432574531042368E-002   26.0248932451239     
  6.491247937221917E-002   27.7986946286699     
  6.549921343401471E-002   29.0793352109819     
  6.608594749581020E-002   31.4495744077492     
  6.667268155760575E-002   47.2427598485856     
  6.725941561940124E-002   81.2947120250678     
  6.784614968119673E-002   112.708022689329     
  6.843288374299228E-002   145.831113047380     
  6.901961780478777E-002   173.646257725905     
  6.960635186658326E-002   122.267317236292     
  7.019308592837881E-002   106.998898070825     
  7.077981999017430E-002   89.7476699362832     
  7.136655405196979E-002   76.7246542111209     
  7.195328811376533E-002   51.1073071416593     
  7.254002217556083E-002   45.7928588019223     
  7.312675623735637E-002   40.9696161250871     
  7.371349029915186E-002   37.4156186491645     
  7.430022436094735E-002   35.6324321407036     
  7.488695842274290E-002   34.2762605070786     
  7.547369248453839E-002   33.1365723311166     
  7.606042654633388E-002   32.2138228603088     
  7.664716060812943E-002   31.5080120946553     
  7.723389466992492E-002   30.9727800353215     
  7.782062873172041E-002   30.3685121932948     
  7.840736279351596E-002   29.6679235223675     
  7.899409685531145E-002   28.9511673243623     
  7.958083091710699E-002   28.2412915201853     
  8.016756497890248E-002   27.5382961098367     
  8.075429904069797E-002   26.8421810933164     
  8.134103310249352E-002   26.1529464706243     
  8.192776716428901E-002   25.4705922417606     
  8.251450122608450E-002   24.7951184067252     
  8.310123528788005E-002   24.1265249655180     
  8.368796934967554E-002   23.4648119181392     
  8.427470341147103E-002   22.8099792645887     
  8.486143747326658E-002   22.1620270048665     
  8.544817153506207E-002   21.5209551389726     
  8.603490559685761E-002   20.8867636669069     
  8.662163965865310E-002   20.2594525886697     
  8.720837372044860E-002   19.6390219042607     
  8.779510778224414E-002   19.0254716136799     
  8.838184184403963E-002   18.4188017169276     
  8.896857590583512E-002   17.8190122140035     
  8.955530996763067E-002   17.2334788840167     
  9.014204402942616E-002   22.7738583597242     
  9.072877809122165E-002   25.2479265185608     
  9.131551215301720E-002   27.2048915479654     
  9.190224621481269E-002   33.6447973080615     
  9.248898027660823E-002   36.0372581149886     
  9.307571433840373E-002   48.4126962573731     
  9.366244840019922E-002   66.8033918716387     
  9.424918246199476E-002   77.5800600083609     
  9.483591652379025E-002   108.921001240824     
  9.542265058558574E-002   133.648198262569     
  9.600938464738129E-002   135.427592751016     
  9.659611870917678E-002   147.807722173912     
  9.718285277097227E-002   142.071903571707     
  9.776958683276782E-002   143.367104309060     
  9.835632089456331E-002   141.222814704951     
  9.894305495635886E-002   143.007051757357     
  9.952978901815435E-002   141.204952221762     
  0.100116523079950        135.300446860951     
  0.100703257141745        116.180666528150     
  0.101289991203541        84.3596342695935     
  0.101876725265336        50.0291559744351     
  0.102463459327132        49.9924620764881     
  0.103050193388927        50.2339528498460     
  0.103636927450723        50.6296285678860     
  0.104223661512518        52.4330247646862     
  0.104810395574314        55.9498172176948     
  0.105397129636109        60.4431091164240     
  0.105983863697905        64.0581709784696     
  0.106570597759700        66.3343470016000     
  0.107157331821496        68.0019149744896     
  0.107744065883291        81.4232817334435     
  0.108330799945087        93.8006225102187     
  0.108917534006883        87.6018886033983     
  0.109504268068678        93.4568529039305     
  0.110091002130474        93.4861940461813     
  0.110677736192269        89.3292357666144     
  0.111264470254065        79.2106736854368     
  0.111851204315860        72.9541680606149     
  0.112437938377656        73.0228083467780     
  0.113024672439451        72.1171125906337     
  0.113611406501247        71.1812203388079     
  0.114198140563042        70.2156963026998     
  0.114784874624838        69.3005927470658     
  0.115371608686633        70.3066063450076     
  0.115958342748429        74.2808535025454     
  0.116545076810224        84.8172487802803     
  0.117131810872020        109.199058216321     
  0.117718544933815        134.941226120685     
  0.118305278995611        151.375925850141     
  0.118892013057406        152.688380846531     
  0.119478747119202        116.068088843789     
  0.120065481180997        81.1661187969422     
  0.120652215242793        74.0976897599964     
  0.121238949304588        67.0839289495679     
  0.121825683366384        71.1543970227527     
  0.122412417428179        79.6823260337922     
  0.122999151489975        63.6447456111876     
  0.123585885551770        56.0881499621906     
  0.124172619613566        55.3299041011885     
  0.124759353675361        54.5589353284733     
  0.125346087737157        53.7752436440453     
  0.125932821798952        52.9788290479041     
  0.126519555860748        52.1696915400499     
  0.127106289922543        51.3478311204827     
  0.127693023984339        50.5132477892025     
  0.128279758046134        49.6659415462091     
  0.128866492107930        48.8059123915029     
  0.129453226169725        47.9331603250835     
  0.130039960231521        47.0504468390659     
  0.130626694293316        46.2183756053311     
  0.131213428355112        45.4677827154429     
  0.131800162416907        44.8334205559762     
  0.132386896478703        43.8749593944010     
  0.132973630540498        44.7737372279811     
  0.133560364602294        49.9141251723647     
  0.134147098664089        52.8069459134174     
  0.134733832725885        57.0965458163373     
  0.135320566787681        69.0855795153888     
  0.135907300849476        72.3177308599493     
  0.136494034911272        84.9581592581012     
  0.137080768973067        72.8557838573422     
  0.137667503034863        72.7760177153632     
  0.138254237096658        73.8590705304460     
  0.138840971158454        74.3501475221230     
  0.139427705220249        103.655248873744     
  0.140014439282045        78.0974137619426     
  0.140601173343840        92.1445758761722     
  0.141187907405636        73.7819304310214     
  0.141774641467431        74.4136966077415     
  0.142361375529227        74.9402042406474     
  0.142948109591022        75.8179965179210     
  0.143534843652818        79.1032684911371     
  0.144121577714613        81.5798041695915     
  0.144708311776409        83.4743772804983     
  0.145295045838204        84.9027776965463     
  0.145881779900000        85.8669815986771     
  0.146468513961795        88.5425837307249     
  0.147055248023591        97.1310229014739     
  0.147641982085386        112.302402605924     
  0.148228716147182        111.513768103386     
  0.148815450208977        98.0243368158973     
  0.149402184270773        92.6616118770471     
  0.149988918332568        94.5082394819379     
  0.150575652394364        90.4554235943066     
  0.151162386456159        83.7215918136065     
  0.151749120517955        81.2835935994661     
  0.152335854579750        78.9307564886821     
  0.152922588641546        76.4524673735528     
  0.153509322703341        74.5438136684085     
  0.154096056765137        72.6341890082169     
  0.154682790826932        70.7235933929783     
  0.155269524888728        68.8120268226925     
  0.155856258950523        66.8994892973594     
  0.156442993012319        64.9859808169795     
  0.157029727074114        63.0715013815520     
  0.157616461135910        61.1560509910777     
  0.158203195197705        59.2396296455560     
  0.158789929259501        57.3222373449872     
  0.159376663321296        55.4038740893714     
  0.159963397383092        53.4845398787084     
  0.160550131444888        51.6134432783795     
  0.161136865506683        49.9468283006544     
  0.161723599568478        54.2141753027519     
  0.162310333630274        64.4154283430967     
  0.162897067692070        42.5229051671648     
  0.163483801753865        41.9033361562245     
  0.164070535815661        70.8515765685552     
  0.164657269877456        34.8364803571587     
  0.165244003939252        40.6547118418908     
  0.165830738001047        41.3876198876217     
  0.166417472062843        36.1969273931789     
  0.167004206124638        39.3324039846440     
  0.167590940186434        41.3872770433219     
  0.168177674248229        29.7659969612149     
  0.168764408310025        31.0373391865699     
  0.169351142371820        34.0508357209510     
  0.169937876433616        35.8021032996709     
  0.170524610495411        65.6758265576321     
  0.171111344557207        86.6930125100105     
  0.171698078619002        53.1242282724685     
  0.172284812680798        45.6092722636350     
  0.172871546742593        42.9097421568340     
  0.173458280804389        41.2014325293200     
  0.174045014866184        42.1723942863938     
  0.174631748927980        43.0550176884823     
  0.175218482989775        43.9081937002193     
  0.175805217051571        44.8128371807381     
  0.176391951113366        45.7779065755756     
  0.176978685175162        46.8032239904187     
  0.177565419236957        58.6921005872256     
  0.178152153298753        62.7530083997883     
  0.178738887360548        55.5515974710031     
  0.179325621422344        57.0230331917934     
  0.179912355484139        60.0392259123415     
  0.180499089545935        61.1727243312945     
  0.181085823607730        60.5501893932095     
  0.181672557669526        58.3347170140341     
  0.182259291731321        54.8182688378845     
  0.182846025793117        52.2342603497999     
  0.183432759854912        52.0887987529387     
  0.184019493916708        51.9294854680126     
  0.184606227978503        51.7208679769896     
  0.185192962040299        51.4629462798695     
  0.185779696102094        51.1557203766525     
  0.186366430163890        50.7991902673385     
  0.186953164225685        50.3933559519276     
  0.187539898287481        49.9382174304196     
  0.188126632349277        49.4337747028146     
  0.188713366411072        48.8800277691128     
  0.189300100472867        47.9334598165143     
  0.189886834534663        46.6354158376605     
  0.190473568596459        58.4966449567242     
  0.191060302658254        62.2734456424634     
  0.191647036720050        59.5224994865634     
  0.192233770781845        16.2420029415914     
  0.192820504843641        15.3048693466360     
  0.193407238905436        14.8335745188244     
  0.193993972967232        14.3712048041838     
  0.194580707029027        13.9177602027142     
  0.195167441090823        13.4732407144156     
  0.195754175152618        13.0376463392879     
  0.196340909214414        12.6109770773312     
  0.196927643276209        12.1932329285455     
  0.197514377338005        11.7844138929307     
  0.198101111399800        11.3845199704870     
  0.198687845461596        10.9935511612142     
  0.199274579523391        10.6115074651124     
  0.199861313585187        10.2383888821815     
  0.200448047646982        9.87419541242167     
  0.201034781708778        9.51892705583277     
  0.201621515770573        9.17258381241485     
  0.202208249832369        8.83516568216792     
  0.202794983894164        8.50667266509192     
  0.203381717955960        8.18710476118693     
  0.203968452017755        7.87646197045289     
  0.204555186079551        7.57474429288985     
  0.205141920141346        7.28195172849778     
  0.205728654203142        6.99808427727666     
  0.206315388264937        6.72314193922654     
  0.206902122326733        6.45712471434740     
  0.207488856388528        6.20003260263920     
  0.208075590450324        5.95186557174257     
  0.208662324512119        5.71211733288535     
  0.209249058573915        5.47962602286640     
  0.209835792635710        5.24999311514997     
  0.210422526697506        5.02138863926640     
  0.211009260759301        4.46234697621127     
  0.211595994821097        2.94293489970461     
  0.212182728882892        2.20254180345379     
  0.212769462944688        2.11263413830050     
  0.213356197006483        2.04084211356252     
  0.213942931068279        1.48795234539906     
  0.214529665130074       0.705544685644064     
  0.215116399191870       0.212334720548055     
  0.215703133253666       6.757871175062934E-003
  0.216289867315461       0.000000000000000E+000
  0.216876601377257       0.000000000000000E+000
  0.217463335439052       0.000000000000000E+000
  0.218050069500848       0.000000000000000E+000
  0.218636803562643       0.000000000000000E+000
  0.219223537624439       0.000000000000000E+000
  0.219810271686234       0.000000000000000E+000
  0.220397005748030       0.000000000000000E+000
  0.220983739809825       0.000000000000000E+000
  0.221570473871621       0.000000000000000E+000
  0.222157207933416       0.000000000000000E+000
  0.222743941995212       0.000000000000000E+000
  0.223330676057007       0.000000000000000E+000
  0.223917410118803       0.000000000000000E+000
  0.224504144180598       0.000000000000000E+000
  0.225090878242394       0.000000000000000E+000
  0.225677612304189       0.000000000000000E+000
  0.226264346365985       0.000000000000000E+000
  0.226851080427780       0.000000000000000E+000
  0.227437814489576       0.000000000000000E+000
  0.228024548551371       0.000000000000000E+000
  0.228611282613167       0.000000000000000E+000
  0.229198016674962       0.000000000000000E+000
  0.229784750736758       0.000000000000000E+000
  0.230371484798553       0.000000000000000E+000
  0.230958218860349       0.000000000000000E+000
  0.231544952922144       0.000000000000000E+000
  0.232131686983940       0.000000000000000E+000
  0.232718421045735       0.000000000000000E+000
  0.233305155107531       0.000000000000000E+000
  0.233891889169326       0.000000000000000E+000
  0.234478623231122       0.000000000000000E+000
  0.235065357292917       0.000000000000000E+000
  0.235652091354713       0.000000000000000E+000
  0.236238825416508       0.000000000000000E+000
  0.236825559478304       0.000000000000000E+000
  0.237412293540099       0.000000000000000E+000
  0.237999027601895       0.000000000000000E+000
  0.238585761663690       0.000000000000000E+000
  0.239172495725486       0.000000000000000E+000
  0.239759229787281       4.162759943896371E-002
  0.240345963849077        30.6185528115353     
  0.240932697910872        11.8652111331127     
  0.241519431972668        19.2649369923123     
  0.242106166034463        2.21151581338585     
  0.242692900096259        2.85958476961587     
  0.243279634158055        3.16921850791651     
  0.243866368219850        3.23820155440390     
  0.244453102281646        3.29612023827677     
  0.245039836343441        3.47984018824765     
  0.245626570405237        24.4451170775826     
  0.246213304467032        10.6328783923227     
  0.246800038528828        8.11045135193406     
  0.247386772590623        8.44293483253244     
  0.247973506652419        8.79689393761103     
  0.248560240714214        9.22268390215870     
  0.249146974776010        9.66396329797301     
  0.249733708837805        10.1145279002905     
  0.250320442899601        10.5777153075991     
  0.250907176961396        11.0539308139412     
  0.251493911023192        11.5431744193168     
  0.252080645084987        12.0454461237258     
  0.252667379146783        12.5607459271684     
  0.253254113208578        13.0890738296444     
  0.253840847270374        13.6304298311538     
  0.254427581332169        14.1848139316969     
  0.255014315393965        14.7522261312733     
  0.255601049455760        15.3326664298833     
  0.256187783517556        15.9261348275267     
  0.256774517579351        16.5326313242036     
  0.257361251641147        17.1521559199140     
  0.257947985702942        17.7847086146579     
  0.258534719764738        18.4302894084352     
  0.259121453826533        19.0888983012462     
  0.259708187888329        19.7605352930905     
  0.260294921950124        20.4452003839683     
  0.260881656011920        21.1428935738797     
  0.261468390073715        21.8536148628244     
  0.262055124135511        22.5773642508027     
  0.262641858197306        23.3141417378145     
  0.263228592259102        24.0638741386561     
  0.263815326320897        24.5283519440180     
  0.264402060382693        29.4816292473322     
  0.264988794444488        40.5985584653578     
  0.265575528506284        45.7814578958602     
  0.266162262568079        44.9188143910212     
  0.266748996629875        36.9854419905839     
  0.267335730691670        29.5799652361390     
  0.267922464753466        30.9353263105959     
  0.268509198815262        31.6530243646923     
  0.269095932877057        32.5878378470547     
  0.269682666938853        33.5844023926354     
  0.270269401000648        34.5498765381928     
  0.270856135062444        35.4842602837266     
  0.271442869124239        36.3875536292369     
  0.272029603186035        37.2597565747239     
  0.272616337247830        38.1008691201873     
  0.273203071309626        38.9108912656273     
  0.273789805371421        39.6898230110438     
  0.274376539433217        40.4376643564368     
  0.274963273495012        41.1544153018065     
  0.275550007556808        41.8400758471526     
  0.276136741618603        42.9975354593271     
  0.276723475680399        53.0975740316085     
  0.277310209742194        60.5764403186080     
  0.277896943803990        61.1421454940603     
  0.278483677865785        54.8950919162917     
  0.279070411927581        52.7707263735599     
  0.279657145989376        63.6077709437091     
  0.280243880051172        70.3786138475730     
  0.280830614112967        52.8235589557560     
  0.281417348174763        59.3639631247825     
  0.282004082236558        61.1495779826995     
  0.282590816298354        58.1905950913510     
  0.283177550360149        50.8101590119156     
  0.283764284421945        50.6350313669000     
  0.284351018483740        50.0003162095506     
  0.284937752545536        48.6487763898129     
  0.285524486607331        59.1418358549086     
  0.286111220669127        66.0014900935844     
  0.286697954730922        45.9839956551827     
  0.287284688792718        42.4831112930953     
  0.287871422854513        35.6605487624083     
  0.288458156916309        27.9389653719889     
  0.289044890978104        24.9098617624334     
  0.289631625039900        25.5047648704978     
  0.290218359101695        26.3016574630172     
  0.290805093163491        27.1263296677230     
  0.291391827225286        27.9787814846153     
  0.291978561287082        28.8281308280300     
  0.292565295348877        29.6315189790079     
  0.293152029410673        30.9431780164474     
  0.293738763472469        37.1183974715235     
  0.294325497534264        52.1535169438835     
  0.294912231596060        68.4122276176482     
  0.295498965657855        72.8930612460112     
  0.296085699719650        71.4798803671975     
  0.296672433781446        75.6477955738368     
  0.297259167843242        78.1937193464289     
  0.297845901905037        76.8663103860498     
  0.298432635966833        74.3569214183155     
  0.299019370028628        73.3146775904957     
  0.299606104090424        75.8504986357979     
  0.300192838152219        127.261658458429     
  0.300779572214015        80.7605926097867     
  0.301366306275810        83.1335370783815     
  0.301953040337606        86.4302633737051     
  0.302539774399401        93.4676380970545     
  0.303126508461197        107.170920499979     
  0.303713242522992        121.469820258797     
  0.304299976584788        125.355168438296     
  0.304886710646583        118.677559058905     
  0.305473444708379        112.355761661352     
  0.306060178770174        109.997925907624     
  0.306646912831970        109.266718577525     
  0.307233646893765        107.601490037229     
  0.307820380955561        105.790880399254     
  0.308407115017356        104.524111356427     
  0.308993849079152        104.247163115036     
  0.309580583140947        104.137922000259     
  0.310167317202743        103.879136104978     
  0.310754051264538        103.489020079844     
  0.311340785326334        102.970628836601     
  0.311927519388129        102.332699238823     
  0.312514253449925        101.616055727734     
  0.313100987511720        100.825877820296     
  0.313687721573516        99.9621655165116     
  0.314274455635311        99.0249188163792     
  0.314861189697107        98.0141377198994     
  0.315447923758902        96.9298222270719     
  0.316034657820698        95.7718844627815     
  0.316621391882493        94.1197978076082     
  0.317208125944289        92.5553032320729     
  0.317794860006084        90.2920262492091     
  0.318381594067880        82.9207538452993     
  0.318968328129675        81.2726721169675     
  0.319555062191471        80.7475835664554     
  0.320141796253266        83.4259018392650     
  0.320728530315062        85.2079792167935     
  0.321315264376858        85.1709939854023     
  0.321901998438653        83.4262990749535     
  0.322488732500449        101.220091972108     
  0.323075466562244        81.8603474220982     
  0.323662200624039        70.5881024867752     
  0.324248934685835        59.6299730327141     
  0.324835668747631        56.0295402425108     
  0.325422402809426        53.7088562930304     
  0.326009136871222        49.2004853179140     
  0.326595870933017        42.0211648240196     
  0.327182604994813        35.5837733360847     
  0.327769339056608        35.2501500683644     
  0.328356073118404        34.5869717284057     
  0.328942807180199        33.5095271782540     
  0.329529541241995        32.1104262746590     
  0.330116275303790        30.4240001293634     
  0.330703009365586        30.6062238038335     
  0.331289743427381        31.1052563131158     
  0.331876477489177        31.6239617435148     
  0.332463211550972        32.1375051500620     
  0.333049945612768        32.6458865327574     
  0.333636679674563        33.1491058916011     
  0.334223413736359        33.6471632265930     
  0.334810147798154        34.1400585377331     
  0.335396881859950        34.6277918250216     
  0.335983615921745        35.1103630884583     
  0.336570349983541        35.5877723280433     
  0.337157084045336        36.0600195437766     
  0.337743818107132        36.5271047356580     
  0.338330552168927        36.9890279036877     
  0.338917286230723        37.4457890478657     
  0.339504020292518        37.8973881681920     
  0.340090754354314        38.3438252646664     
  0.340677488416109        38.7851003372892     
  0.341264222477905        39.2212133860602     
  0.341850956539700        39.6521644109794     
  0.342437690601496        40.0779534120470     
  0.343024424663291        54.4632811453121     
  0.343611158725087        70.6421361820545     
  0.344197892786882        69.6812918207527     
  0.344784626848678        73.0659803905255     
  0.345371360910473        92.1261766217140     
  0.345958094972269        133.909330021304     
  0.346544829034064        189.677088420959     
  0.347131563095860        198.859983877116     
  0.347718297157655        177.341233530733     
  0.348305031219451        195.529703307304     
  0.348891765281247        195.103845063477     
  0.349478499343042        176.713155843979     
  0.350065233404838        159.824191480635     
  0.350651967466633        152.564057081030     
  0.351238701528429        147.315157742465     
  0.351825435590224        142.443189858100     
  0.352412169652020        138.790634403748     
  0.352998903713815        123.767721864112     
  0.353585637775611        106.455487644295     
  0.354172371837406        101.912181593639     
  0.354759105899202        92.9521967240980     
  0.355345839960997        80.2021329772137     
  0.355932574022793        69.5084360486261     
  0.356519308084588        60.0465792701832     
  0.357106042146384        61.2738745863734     
  0.357692776208179        66.0260684622205     
  0.358279510269975        69.4085133149190     
  0.358866244331770        71.2724757945911     
  0.359452978393566        70.3635288418398     
  0.360039712455361        64.6497054141655     
  0.360626446517157        59.2946665985783     
  0.361213180578952        55.6268540682533     
  0.361799914640748        54.1077356859853     
  0.362386648702543        53.5691495178332     
  0.362973382764339        53.0491304578647     
  0.363560116826134        52.5107304070081     
  0.364146850887930        51.9539493652632     
  0.364733584949725        51.3787873326301     
  0.365320319011521        50.7852443091087     
  0.365907053073316        50.1733202946993     
  0.366493787135112        49.5430152894015     
  0.367080521196907        48.8943292932153     
  0.367667255258703        48.2272623061412     
  0.368253989320498        47.5418143281787     
  0.368840723382294        46.8379853593279     
  0.369427457444089        46.1157753995889     
  0.370014191505885        45.3751844489619     
  0.370600925567680        44.6162125074464     
  0.371187659629476        43.8388595750428     
  0.371774393691271        43.0431256517511     
  0.372361127753067        42.2290107375709     
  0.372947861814863        41.3965148325025     
  0.373534595876658        40.5456379365462     
  0.374121329938453        39.8006738121611     
