AX 120.842961457967661
A1    1.000000000000000   0.000000000000000   0.000000000000000
A2    0.000000000000000   0.038461538461538   0.000000000000000
A3    0.000000000000000   0.000000000000000   0.230769230769231
AA
           2          44           6  1  /
    1     0.000000000000000   0.000000000000000   0.500000000000000  1
    1     0.022205779584216   0.000000000000000   0.500000000000000  1
    1     0.033308669376325   0.500000000000000   0.500000000000000  1
    1    -0.011102889792108   0.500000000000000   0.500000000000000  1
    1     0.055514448960541   0.500000000000000   0.500000000000000  1
    1     0.066617338752649   0.000000000000000   0.500000000000000  1
    1     0.088823118336865   0.000000000000000   0.500000000000000  1
    1     0.099926008128974   0.500000000000000   0.500000000000000  1
    1     0.122131787713190   0.500000000000000   0.500000000000000  1
    1     0.133234677505298   0.000000000000000   0.500000000000000  1
    1     0.155440457089515   0.000000000000000   0.500000000000000  1
    1     0.166543346881623   0.500000000000000   0.500000000000000  1
    1     0.188749126465839   0.500000000000000   0.500000000000000  1
    1     0.199852016257947   0.000000000000000   0.500000000000000  1
    1     0.222057795842164   0.000000000000000   0.500000000000000  1
    1     0.233160685634272   0.500000000000000   0.500000000000000  1
    1     0.255366465218488   0.500000000000000   0.500000000000000  1
    1     0.266469355010596   0.000000000000000   0.500000000000000  1
    1     0.288675134594813   0.000000000000000   0.500000000000000  1
    1     0.299778024386921   0.500000000000000   0.500000000000000  1
    1     0.321983803971137   0.500000000000000   0.500000000000000  1
    1     0.333086693763246   0.000000000000000   0.500000000000000  1
    1     0.355292473347462   0.000000000000000   0.500000000000000  1
    1     0.366395363139570   0.500000000000000   0.500000000000000  1
    1     0.388601142723786   0.500000000000000   0.500000000000000  1
    1     0.399704032515895   0.000000000000000   0.500000000000000  1
    1     0.421909812100111   0.000000000000000   0.500000000000000  1
    1     0.433012701892219   0.500000000000000   0.500000000000000  1
    1     0.455218481476436   0.500000000000000   0.500000000000000  1
    1     0.466321371268544   0.000000000000000   0.500000000000000  1
    1     0.488527150852760   0.000000000000000   0.500000000000000  1
    1     0.499630040644868   0.500000000000000   0.500000000000000  1
    1     0.521835820229085   0.500000000000000   0.500000000000000  1
    1     0.532938710021193   0.000000000000000   0.500000000000000  1
    1     0.555144489605409   0.000000000000000   0.500000000000000  1
    1     0.566247379397517   0.500000000000000   0.500000000000000  1
    1     0.588453158981734   0.500000000000000   0.500000000000000  1
    1     0.599556048773842   0.000000000000000   0.500000000000000  1
    1     0.621761828358058   0.000000000000000   0.500000000000000  1
    1     0.632864718150167   0.500000000000000   0.500000000000000  1
    1     0.655070497734383   0.500000000000000   0.500000000000000  1
    1     0.666173387526491   0.000000000000000   0.500000000000000  1
    2    -0.028145000000000   0.500000000000000   0.500000000000000  1
    2     0.683218680000000   0.000000000000000   0.500000000000000  1
