   -0.612336546845296   0.612336546845296   0.612336546845296
    0.612336546845296  -0.612336546845296   0.612336546845296
    0.612336546845296   0.612336546845296  -0.612336546845296
      1    20      1.000000000000      0.000000000000      0.000000000000       4
     1      -0.219209943754          0.0000    
     2       0.218738204817          0.0000    
     3       0.219008423724          0.0000    
     4       0.219377574314          0.0000    
     5       0.313120391073          0.0000    
     6       0.313447477639          0.0000    
     7       0.313817290554          0.0000    
     8       0.334960209765          0.0000    
     9       0.499025717043          0.0000    
    10       0.506221590650          0.0000    
    11       0.506961638341          0.0000    
    12       0.630004016945          0.0000    
    13       0.630397289851          0.0000    
    14       0.630645351055          0.0000    
    15       0.769141265185          0.0000    
    16        1.07075592519          0.0000    
    17        1.07384505662          0.0000    
    18        1.07911097772          0.0000    
    19        1.12141577904          0.0000    
    20        1.12240454654          0.0000    
     11    20      1.000000000000      0.166666666667      0.166666666667       4
     1      -0.201293955594          0.0000    
     2       0.144716274008          0.0000    
     3       0.175226083932          0.0000    
     4       0.175711702023          0.0000    
     5       0.280793366662          0.0000    
     6       0.372825356254          0.0000    
     7       0.377938515057          0.0000    
     8       0.378640689692          0.0000    
     9       0.457561598660          0.0000    
    10       0.526731746208          0.0000    
    11       0.566003526856          0.0000    
    12       0.661073600684          0.0000    
    13       0.661628751142          0.0000    
    14       0.680298332543          0.0000    
    15       0.886703424518          0.0000    
    16       0.931391625551          0.0000    
    17       0.933595731994          0.0000    
    18       0.986728975379          0.0000    
    19        1.00834501443          0.0000    
    20        1.10206757179          0.0000    
     21    20      1.000000000000      0.333333333333      0.333333333333       4
     1      -0.148795717061          0.0000    
     2       0.365551984821E-01      0.0000    
     3       0.130405219770          0.0000    
     4       0.130805452169          0.0000    
     5       0.244314007087          0.0000    
     6       0.290606868134          0.0000    
     7       0.484134606867          0.0000    
     8       0.484941419533          0.0000    
     9       0.567007927763          0.0000    
    10       0.586003316371          0.0000    
    11       0.689706230580          0.0000    
    12       0.714826912054          0.0000    
    13       0.716776794191          0.0000    
    14       0.771369943749          0.0000    
    15       0.816466122873          0.0000    
    16       0.817045451059          0.0000    
    17       0.820711268599          0.0000    
    18       0.891877817565          0.0000    
    19        1.06833051824          0.0000    
    20        1.11985454928          0.0000    
     31    20      1.000000000000      0.500000000000      0.500000000000       4
     1      -0.664646317359E-01      0.0000    
     2      -0.660058067890E-01      0.0000    
     3       0.114495062876          0.0000    
     4       0.114853636714          0.0000    
     5       0.243137589698          0.0000    
     6       0.243971973224          0.0000    
     7       0.586062800100          0.0000    
     8       0.586825567810          0.0000    
     9       0.623931904591          0.0000    
    10       0.625835036098          0.0000    
    11       0.682611535126          0.0000    
    12       0.683412299460          0.0000    
    13       0.684072234434          0.0000    
    14       0.685388371566          0.0000    
    15       0.908625174893          0.0000    
    16       0.910090111603          0.0000    
    17       0.939859093666          0.0000    
    18       0.941038741857          0.0000    
    19       0.961090548934          0.0000    
    20       0.962918453031          0.0000    
     41    20      0.375000000000      0.187500000000      0.187500000000       4
     1      -0.175255913037          0.0000    
     2       0.657448552311E-01      0.0000    
     3       0.116377927941          0.0000    
     4       0.191879375553          0.0000    
     5       0.325617334604          0.0000    
     6       0.359065566343          0.0000    
     7       0.368072965006          0.0000    
     8       0.423721943235          0.0000    
     9       0.443580026043          0.0000    
    10       0.589008438068          0.0000    
    11       0.604320937557          0.0000    
    12       0.646878567958          0.0000    
    13       0.723278783577          0.0000    
    14       0.761233310577          0.0000    
    15       0.832669883655          0.0000    
    16       0.893331310099          0.0000    
    17       0.958456621792          0.0000    
    18       0.965704973786          0.0000    
    19        1.01139463056          0.0000    
    20        1.02245025193          0.0000    
     51    20      0.250000000000      0.250000000000      0.250000000000       4
     1      -0.189774128352          0.0000    
     2       0.753424620709E-01      0.0000    
     3       0.190992128596          0.0000    
     4       0.190992132286          0.0000    
     5       0.290230439927          0.0000    
     6       0.347306988709          0.0000    
     7       0.347306991102          0.0000    
     8       0.464477473193          0.0000    
     9       0.484643887604          0.0000    
    10       0.484643888779          0.0000    
    11       0.540780533578          0.0000    
    12       0.644371485676          0.0000    
    13       0.756776537109          0.0000    
    14       0.756776538199          0.0000    
    15       0.868855331136          0.0000    
    16       0.874629055587          0.0000    
    17       0.874629056922          0.0000    
    18       0.940561170316          0.0000    
    19        1.10644805467          0.0000    
    20        1.10644805595          0.0000    
     61    20      0.625000000000      0.437500000000      0.437500000000       4
     1      -0.118071913294          0.0000    
     2      -0.300175415713E-01      0.0000    
     3       0.101207634882          0.0000    
     4       0.154527500859          0.0000    
     5       0.291495448555          0.0000    
     6       0.377964588139          0.0000    
     7       0.392159120750          0.0000    
     8       0.478714005716          0.0000    
     9       0.541922549554          0.0000    
    10       0.556950958516          0.0000    
    11       0.634290899341          0.0000    
    12       0.705399025258          0.0000    
    13       0.718540055069          0.0000    
    14       0.784650290368          0.0000    
    15       0.881299336597          0.0000    
    16       0.923160731930          0.0000    
    17       0.945244203026          0.0000    
    18       0.975272047229          0.0000    
    19        1.00143093201          0.0000    
    20        1.00878925022          0.0000    
     71    20      0.750000000000      0.250000000000      0.500000000000       4
     1      -0.603222798193E-01      0.0000    
     2      -0.599830053857E-01      0.0000    
     3       0.771119215749E-01      0.0000    
     4       0.772008545028E-01      0.0000    
     5       0.373891025870          0.0000    
     6       0.374715735741          0.0000    
     7       0.400154029950          0.0000    
     8       0.400802904608          0.0000    
     9       0.605488301085          0.0000    
    10       0.606329434046          0.0000    
    11       0.692521843660          0.0000    
    12       0.693306852731          0.0000    
    13       0.820121667529          0.0000    
    14       0.821451713796          0.0000    
    15       0.887713200265          0.0000    
    16       0.888690197525          0.0000    
    17       0.909831983740          0.0000    
    18       0.910795941372          0.0000    
    19       0.941939335277          0.0000    
    20       0.943876276916          0.0000    
      2    20      1.000000000000      0.016666666667      0.016666666667       4
     1      -0.219029637622          0.0000    
     2       0.217832809344          0.0000    
     3       0.217971185135          0.0000    
     4       0.218550074350          0.0000    
     5       0.312980310718          0.0000    
     6       0.314102027683          0.0000    
     7       0.314785598212          0.0000    
     8       0.336165740909          0.0000    
     9       0.499840208370          0.0000    
    10       0.504663954563          0.0000    
    11       0.507152954314          0.0000    
    12       0.630318581641          0.0000    
    13       0.630704828028          0.0000    
    14       0.631666592000          0.0000    
    15       0.770548955833          0.0000    
    16        1.06730079139          0.0000    
    17        1.07040709404          0.0000    
    18        1.07946168882          0.0000    
    19        1.11892481721          0.0000    
    20        1.11901083373          0.0000    
     12    20      1.000000000000      0.183333333333      0.183333333333       4
     1      -0.197556847379          0.0000    
     2       0.134151945282          0.0000    
     3       0.169745675311          0.0000    
     4       0.170221536559          0.0000    
     5       0.276184992977          0.0000    
     6       0.367008364550          0.0000    
     7       0.387815887710          0.0000    
     8       0.388525867895          0.0000    
     9       0.463727093696          0.0000    
    10       0.530887696086          0.0000    
    11       0.577644311071          0.0000    
    12       0.667396000236          0.0000    
    13       0.668002150140          0.0000    
    14       0.687223580728          0.0000    
    15       0.906503834543          0.0000    
    16       0.915016305405          0.0000    
    17       0.917098148645          0.0000    
    18       0.969180087804          0.0000    
    19       0.994912183866          0.0000    
    20        1.10723834999          0.0000    
     22    20      1.000000000000      0.350000000000      0.350000000000       4
     1      -0.141778389489          0.0000    
     2       0.257646271551E-01      0.0000    
     3       0.127408565212          0.0000    
     4       0.127802456660          0.0000    
     5       0.242356617771          0.0000    
     6       0.283582692961          0.0000    
     7       0.495376036133          0.0000    
     8       0.496193690181          0.0000    
     9       0.579497416502          0.0000    
    10       0.594083490417          0.0000    
    11       0.699455137049          0.0000    
    12       0.709826890534          0.0000    
    13       0.711888973088          0.0000    
    14       0.783633454203          0.0000    
    15       0.805274827289          0.0000    
    16       0.820739310995          0.0000    
    17       0.820881667379          0.0000    
    18       0.885605313402          0.0000    
    19        1.07883104768          0.0000    
    20        1.10354699770          0.0000    
     32    20      0.950000000000      0.475000000000      0.475000000000       4
     1      -0.668040688208E-01      0.0000    
     2      -0.651956096251E-01      0.0000    
     3       0.109398102679          0.0000    
     4       0.115124495416          0.0000    
     5       0.243843138931          0.0000    
     6       0.252026590010          0.0000    
     7       0.578043606002          0.0000    
     8       0.581467048190          0.0000    
     9       0.611300158366          0.0000    
    10       0.614421870330          0.0000    
    11       0.687777198109          0.0000    
    12       0.692162112347          0.0000    
    13       0.694565618962          0.0000    
    14       0.698977739235          0.0000    
    15       0.893344142292          0.0000    
    16       0.902200194965          0.0000    
    17       0.932679794938          0.0000    
    18       0.942837838989          0.0000    
    19       0.962985252323          0.0000    
    20       0.976509177701          0.0000    
     42    20      0.300000000000      0.150000000000      0.150000000000       4
     1      -0.190758256355          0.0000    
     2       0.979521542653E-01      0.0000    
     3       0.141537530077          0.0000    
     4       0.202450022849          0.0000    
     5       0.328941100409          0.0000    
     6       0.342559906035          0.0000    
     7       0.350458295615          0.0000    
     8       0.421871612226          0.0000    
     9       0.446533637535          0.0000    
    10       0.537431118559          0.0000    
    11       0.584989362625          0.0000    
    12       0.631964883206          0.0000    
    13       0.691459894775          0.0000    
    14       0.785417479209          0.0000    
    15       0.817151822900          0.0000    
    16       0.897406175323          0.0000    
    17       0.975323006484          0.0000    
    18       0.980833556218          0.0000    
    19       0.992305206287          0.0000    
    20        1.04708596714          0.0000    
     52    20      0.300000000000      0.300000000000      0.300000000000       4
     1      -0.177446026240          0.0000    
     2       0.435725931194E-01      0.0000    
     3       0.185361100196          0.0000    
     4       0.185361103867          0.0000    
     5       0.283997982607          0.0000    
     6       0.348373572487          0.0000    
     7       0.348373575234          0.0000    
     8       0.491701998219          0.0000    
     9       0.499118122315          0.0000    
    10       0.499118123798          0.0000    
    11       0.536345852735          0.0000    
    12       0.683643647135          0.0000    
    13       0.771827952957          0.0000    
    14       0.771827953298          0.0000    
    15       0.839333002019          0.0000    
    16       0.853393668292          0.0000    
    17       0.853393668363          0.0000    
    18       0.979636732333          0.0000    
    19        1.10813716751          0.0000    
    20        1.10813716885          0.0000    
     62    20      0.650000000000      0.425000000000      0.425000000000       4
     1      -0.111665199483          0.0000    
     2      -0.290250206085E-01      0.0000    
     3       0.848620789360E-01      0.0000    
     4       0.148565773349          0.0000    
     5       0.284284230825          0.0000    
     6       0.401480420936          0.0000    
     7       0.411198146654          0.0000    
     8       0.456386020982          0.0000    
     9       0.539215167630          0.0000    
    10       0.547504968445          0.0000    
    11       0.656020845296          0.0000    
    12       0.721867970785          0.0000    
    13       0.731923169627          0.0000    
    14       0.815700218031          0.0000    
    15       0.863913523532          0.0000    
    16       0.915586373876          0.0000    
    17       0.916939354730          0.0000    
    18       0.955462444551          0.0000    
    19       0.994598600202          0.0000    
    20        1.01507826198          0.0000    
     72    20      0.700000000000      0.200000000000      0.500000000000       4
     1      -0.609815626774E-01      0.0000    
     2      -0.606627591771E-01      0.0000    
     3       0.799960654350E-01      0.0000    
     4       0.800574938983E-01      0.0000    
     5       0.343022249556          0.0000    
     6       0.343404241964          0.0000    
     7       0.434024801304          0.0000    
     8       0.435303963483          0.0000    
     9       0.605357018922          0.0000    
    10       0.606176978443          0.0000    
    11       0.691322079272          0.0000    
    12       0.692021920392          0.0000    
    13       0.823049458638          0.0000    
    14       0.824391177578          0.0000    
    15       0.871867388430          0.0000    
    16       0.872888525238          0.0000    
    17       0.890792339384          0.0000    
    18       0.892361123513          0.0000    
    19       0.977434156645          0.0000    
    20       0.980813095501          0.0000    
      3    20      1.000000000000      0.033333333333      0.033333333333       4
     1      -0.218489262371          0.0000    
     2       0.214292518709          0.0000    
     3       0.215762027327          0.0000    
     4       0.216310961994          0.0000    
     5       0.311599981265          0.0000    
     6       0.316959190627          0.0000    
     7       0.317632599080          0.0000    
     8       0.339611159560          0.0000    
     9       0.500236006155          0.0000    
    10       0.502265933927          0.0000    
    11       0.507741401625          0.0000    
    12       0.631263384812          0.0000    
    13       0.631650282555          0.0000    
    14       0.634527907025          0.0000    
    15       0.774757594392          0.0000    
    16        1.05809371275          0.0000    
    17        1.06135893908          0.0000    
    18        1.07985426290          0.0000    
    19        1.11070894343          0.0000    
    20        1.11187062769          0.0000    
     13    20      1.000000000000      0.200000000000      0.200000000000       4
     1      -0.193474076944          0.0000    
     2       0.123469580398          0.0000    
     3       0.164427606218          0.0000    
     4       0.164893804622          0.0000    
     5       0.271685944668          0.0000    
     6       0.359325135761          0.0000    
     7       0.397924254088          0.0000    
     8       0.398644009238          0.0000    
     9       0.472275892915          0.0000    
    10       0.535438627356          0.0000    
    11       0.589755395971          0.0000    
    12       0.674182459521          0.0000    
    13       0.674850909119          0.0000    
    14       0.694526054689          0.0000    
    15       0.898999827245          0.0000    
    16       0.900881691975          0.0000    
    17       0.926809413262          0.0000    
    18       0.951738288927          0.0000    
    19       0.981606683403          0.0000    
    20        1.11319163201          0.0000    
     23    20      1.000000000000      0.366666666667      0.366666666667       4
     1      -0.134462298660          0.0000    
     2       0.150434322202E-01      0.0000    
     3       0.124715746843          0.0000    
     4       0.125103770556          0.0000    
     5       0.240784175638          0.0000    
     6       0.277067440261          0.0000    
     7       0.506690742119          0.0000    
     8       0.507518694881          0.0000    
     9       0.591899469126          0.0000    
    10       0.602551837134          0.0000    
    11       0.702020600664          0.0000    
    12       0.703858154955          0.0000    
    13       0.707580158752          0.0000    
    14       0.790572498041          0.0000    
    15       0.796504636552          0.0000    
    16       0.828325241637          0.0000    
    17       0.828516325076          0.0000    
    18       0.881620187508          0.0000    
    19        1.08128852990          0.0000    
    20        1.09132957784          0.0000    
     33    20      0.900000000000      0.450000000000      0.450000000000       4
     1      -0.679399349249E-01      0.0000    
     2      -0.626472182690E-01      0.0000    
     3       0.966945840106E-01      0.0000    
     4       0.117035735671          0.0000    
     5       0.246037167239          0.0000    
     6       0.272725409185          0.0000    
     7       0.559864303625          0.0000    
     8       0.568470319935          0.0000    
     9       0.586100206651          0.0000    
    10       0.595580648677          0.0000    
    11       0.700465095696          0.0000    
    12       0.710808793513          0.0000    
    13       0.713357179915          0.0000    
    14       0.727722894739          0.0000    
    15       0.866949732395          0.0000    
    16       0.880727075864          0.0000    
    17       0.929181576187          0.0000    
    18       0.951520059100          0.0000    
    19       0.968693231536          0.0000    
    20       0.987713195458          0.0000    
     43    20      0.225000000000      0.112500000000      0.112500000000       4
     1      -0.203124959451          0.0000    
     2       0.132690710842          0.0000    
     3       0.167632252957          0.0000    
     4       0.210228976052          0.0000    
     5       0.327258017818          0.0000    
     6       0.329673067381          0.0000    
     7       0.335942486077          0.0000    
     8       0.411804804956          0.0000    
     9       0.457735254096          0.0000    
    10       0.504811226831          0.0000    
    11       0.556989956675          0.0000    
    12       0.623616968127          0.0000    
    13       0.662042983367          0.0000    
    14       0.732846712448          0.0000    
    15       0.860796157973          0.0000    
    16       0.891155266110          0.0000    
    17       0.988304352742          0.0000    
    18        1.00770054446          0.0000    
    19        1.02687570750          0.0000    
    20        1.07010138530          0.0000    
     53    20      0.350000000000      0.350000000000      0.350000000000       4
     1      -0.163746636745          0.0000    
     2       0.144888148953E-01      0.0000    
     3       0.180874439779          0.0000    
     4       0.180874443452          0.0000    
     5       0.278975065642          0.0000    
     6       0.346690380137          0.0000    
     7       0.346690383087          0.0000    
     8       0.503153982371          0.0000    
     9       0.521595545498          0.0000    
    10       0.521595547119          0.0000    
    11       0.548846056908          0.0000    
    12       0.717604459325          0.0000    
    13       0.745403309230          0.0000    
    14       0.745403310716          0.0000    
    15       0.815399327095          0.0000    
    16       0.878420185978          0.0000    
    17       0.878420187117          0.0000    
    18        1.02767275916          0.0000    
    19        1.10528704134          0.0000    
    20        1.10528704276          0.0000    
     63    20      0.675000000000      0.412500000000      0.412500000000       4
     1      -0.104283909220          0.0000    
     2      -0.296504752330E-01      0.0000    
     3       0.716449419686E-01      0.0000    
     4       0.142949614834          0.0000    
     5       0.277136422402          0.0000    
     6       0.421096886131          0.0000    
     7       0.431984549870          0.0000    
     8       0.439927344458          0.0000    
     9       0.533795483426          0.0000    
    10       0.539296365279          0.0000    
    11       0.684291061421          0.0000    
    12       0.737782510606          0.0000    
    13       0.743446747510          0.0000    
    14       0.842878627431          0.0000    
    15       0.849875162573          0.0000    
    16       0.882484256985          0.0000    
    17       0.901190417508          0.0000    
    18       0.944682493231          0.0000    
    19       0.992538580740          0.0000    
    20        1.02442896984          0.0000    
     73    20      0.650000000000      0.150000000000      0.500000000000       4
     1      -0.626311997987E-01      0.0000    
     2      -0.623270622203E-01      0.0000    
     3       0.879877356480E-01      0.0000    
     4       0.880332269881E-01      0.0000    
     5       0.306092163902          0.0000    
     6       0.306476859179          0.0000    
     7       0.480306239403          0.0000    
     8       0.481686156248          0.0000    
     9       0.605276281577          0.0000    
    10       0.606054041219          0.0000    
    11       0.688553681255          0.0000    
    12       0.689177532623          0.0000    
    13       0.808769618125          0.0000    
    14       0.809168563956          0.0000    
    15       0.848639948490          0.0000    
    16       0.849358070368          0.0000    
    17       0.898951939877          0.0000    
    18       0.900452047174          0.0000    
    19        1.01284776082          0.0000    
    20        1.01509808685          0.0000    
      4    20      1.000000000000      0.050000000000      0.050000000000       4
     1      -0.217589158907          0.0000    
     2       0.208775486920          0.0000    
     3       0.212350972268          0.0000    
     4       0.212892012442          0.0000    
     5       0.309383116572          0.0000    
     6       0.321450162269          0.0000    
     7       0.322117370876          0.0000    
     8       0.344850801275          0.0000    
     9       0.493567867574          0.0000    
    10       0.506223214856          0.0000    
    11       0.508726922940          0.0000    
    12       0.632837509870          0.0000    
    13       0.633228691357          0.0000    
    14       0.638758391375          0.0000    
    15       0.781672242657          0.0000    
    16        1.04534175320          0.0000    
    17        1.04861429829          0.0000    
    18        1.08042599930          0.0000    
    19        1.10051802759          0.0000    
    20        1.10101918761          0.0000    
     14    20      1.000000000000      0.216666666667      0.216666666667       4
     1      -0.189048592102          0.0000    
     2       0.112700128618          0.0000    
     3       0.159303066926          0.0000    
     4       0.159759794527          0.0000    
     5       0.267346738985          0.0000    
     6       0.350643734546          0.0000    
     7       0.408228590541          0.0000    
     8       0.408958632581          0.0000    
     9       0.482357140320          0.0000    
    10       0.540384110268          0.0000    
    11       0.602247151761          0.0000    
    12       0.681346904914          0.0000    
    13       0.682092035278          0.0000    
    14       0.702256942294          0.0000    
    15       0.883462727017          0.0000    
    16       0.885202049758          0.0000    
    17       0.934456263153          0.0000    
    18       0.947212148530          0.0000    
    19       0.968510607599          0.0000    
    20        1.12003665176          0.0000    
     24    20      1.000000000000      0.383333333333      0.383333333333       4
     1      -0.126854755364          0.0000    
     2       0.440796673042E-02      0.0000    
     3       0.122331054421          0.0000    
     4       0.122713689609          0.0000    
     5       0.239610044771          0.0000    
     6       0.271070598736          0.0000    
     7       0.518064893310          0.0000    
     8       0.518902085112          0.0000    
     9       0.604176666304          0.0000    
    10       0.611407280308          0.0000    
    11       0.692340971600          0.0000    
    12       0.694292555270          0.0000    
    13       0.712917858929          0.0000    
    14       0.776179780205          0.0000    
    15       0.809962918987          0.0000    
    16       0.838717954092          0.0000    
    17       0.838975138503          0.0000    
    18       0.880391149975          0.0000    
    19        1.06554150514          0.0000    
    20        1.08938913585          0.0000    
     34    20      0.850000000000      0.425000000000      0.425000000000       4
     1      -0.703252427125E-01      0.0000    
     2      -0.583652186894E-01      0.0000    
     3       0.821582597811E-01      0.0000    
     4       0.120202534707          0.0000    
     5       0.249692883435          0.0000    
     6       0.301060133129          0.0000    
     7       0.537821452700          0.0000    
     8       0.551712996856          0.0000    
     9       0.559657001158          0.0000    
    10       0.574330332540          0.0000    
    11       0.716716603718          0.0000    
    12       0.731473686349          0.0000    
    13       0.736879334815          0.0000    
    14       0.759855882303          0.0000    
    15       0.839455818319          0.0000    
    16       0.854872510189          0.0000    
    17       0.931277080164          0.0000    
    18       0.965870381703          0.0000    
    19       0.978364472760          0.0000    
    20       0.998419510093          0.0000    
     44    20      0.150000000000      0.075000000000      0.075000000000       4
     1      -0.212101872459          0.0000    
     2       0.168684944093          0.0000    
     3       0.192202207431          0.0000    
     4       0.215178779458          0.0000    
     5       0.320444180967          0.0000    
     6       0.323451693837          0.0000    
     7       0.324431540673          0.0000    
     8       0.381820908594          0.0000    
     9       0.475603758208          0.0000    
    10       0.498803780530          0.0000    
    11       0.528425447784          0.0000    
    12       0.622247990938          0.0000    
    13       0.643152794722          0.0000    
    14       0.684181140890          0.0000    
    15       0.816617017472          0.0000    
    16       0.967645194671          0.0000    
    17        1.01892287582          0.0000    
    18        1.03641977047          0.0000    
    19        1.06180505487          0.0000    
    20        1.08907468015          0.0000    
     54    20      0.400000000000      0.400000000000      0.400000000000       4
     1      -0.149770992389          0.0000    
     2      -0.105912178521E-01      0.0000    
     3       0.177635303866          0.0000    
     4       0.177635307548          0.0000    
     5       0.275332922352          0.0000    
     6       0.344160179328          0.0000    
     7       0.344160182382          0.0000    
     8       0.501254375858          0.0000    
     9       0.550064612558          0.0000    
    10       0.550064614196          0.0000    
    11       0.576979542970          0.0000    
    12       0.705116585752          0.0000    
    13       0.705116587510          0.0000    
    14       0.719613627457          0.0000    
    15       0.827623516994          0.0000    
    16       0.921872662253          0.0000    
    17       0.921872663602          0.0000    
    18        1.05202891567          0.0000    
    19        1.08222165575          0.0000    
    20        1.09204840560          0.0000    
     64    20      0.700000000000      0.400000000000      0.400000000000       4
     1      -0.961614317484E-01      0.0000    
     2      -0.328288957964E-01      0.0000    
     3       0.628933110703E-01      0.0000    
     4       0.137902486383          0.0000    
     5       0.270716757601          0.0000    
     6       0.408490756791          0.0000    
     7       0.453873105477          0.0000    
     8       0.457563953024          0.0000    
     9       0.527131265264          0.0000    
    10       0.532716885544          0.0000    
    11       0.716543629814          0.0000    
    12       0.752399970553          0.0000    
    13       0.752680713235          0.0000    
    14       0.827911740374          0.0000    
    15       0.848234078822          0.0000    
    16       0.870826255474          0.0000    
    17       0.884727103422          0.0000    
    18       0.943034933129          0.0000    
    19       0.994676532796          0.0000    
    20        1.03503957734          0.0000    
     74    20      0.600000000000      0.100000000000      0.500000000000       4
     1      -0.645542882118E-01      0.0000    
     2      -0.642585449342E-01      0.0000    
     3       0.991122340860E-01      0.0000    
     4       0.991477084511E-01      0.0000    
     5       0.274423427947          0.0000    
     6       0.274822446406          0.0000    
     7       0.527643541845          0.0000    
     8       0.529044016083          0.0000    
     9       0.605988235357          0.0000    
    10       0.606690902249          0.0000    
    11       0.685483952186          0.0000    
    12       0.686056230119          0.0000    
    13       0.760037144291          0.0000    
    14       0.760825625452          0.0000    
    15       0.865621278979          0.0000    
    16       0.866838094506          0.0000    
    17       0.912163571744          0.0000    
    18       0.913717607843          0.0000    
    19        1.00512396620          0.0000    
    20        1.00535035741          0.0000    
      5    20      1.000000000000      0.066666666667      0.066666666667       4
     1      -0.216329897597          0.0000    
     2       0.201749497317          0.0000    
     3       0.208033713492          0.0000    
     4       0.208569447609          0.0000    
     5       0.306442689601          0.0000    
     6       0.327276851515          0.0000    
     7       0.327941670628          0.0000    
     8       0.351307898323          0.0000    
     9       0.485450242483          0.0000    
    10       0.510109427903          0.0000    
    11       0.511596867585          0.0000    
    12       0.635039186012          0.0000    
    13       0.635438606906          0.0000    
    14       0.643846943830          0.0000    
    15       0.791129684019          0.0000    
    16        1.03061114684          0.0000    
    17        1.03378211933          0.0000    
    18        1.08017298252          0.0000    
    19        1.08756260052          0.0000    
    20        1.09045434239          0.0000    
     15    20      1.000000000000      0.233333333333      0.233333333333       4
     1      -0.184283667769          0.0000    
     2       0.101867871824          0.0000    
     3       0.154396534917          0.0000    
     4       0.154844057686          0.0000    
     5       0.263209737045          0.0000    
     6       0.341532806254          0.0000    
     7       0.418701351748          0.0000    
     8       0.419441979257          0.0000    
     9       0.493409792204          0.0000    
    10       0.545723668681          0.0000    
    11       0.615025289592          0.0000    
    12       0.688756273350          0.0000    
    13       0.689596844346          0.0000    
    14       0.710460991954          0.0000    
    15       0.868563211635          0.0000    
    16       0.870146490631          0.0000    
    17       0.917374299833          0.0000    
    18       0.955646432817          0.0000    
    19       0.967547260682          0.0000    
    20        1.12789600595          0.0000    
     25    20      1.000000000000      0.400000000000      0.400000000000       4
     1      -0.118963672271          0.0000    
     2      -0.612531954020E-02      0.0000    
     3       0.120258062195          0.0000    
     4       0.120635792441          0.0000    
     5       0.238846683771          0.0000    
     6       0.265596501624          0.0000    
     7       0.529475342103          0.0000    
     8       0.530319817281          0.0000    
     9       0.616293424721          0.0000    
    10       0.620648642764          0.0000    
    11       0.681549540271          0.0000    
    12       0.683471947255          0.0000    
    13       0.715595326529          0.0000    
    14       0.762127703328          0.0000    
    15       0.823971812579          0.0000    
    16       0.851131318728          0.0000    
    17       0.851469985416          0.0000    
    18       0.882211687802          0.0000    
    19        1.04738442900          0.0000    
    20        1.07123011643          0.0000    
     35    20      0.800000000000      0.400000000000      0.400000000000       4
     1      -0.746197594950E-01      0.0000    
     2      -0.523578401662E-01      0.0000    
     3       0.694354475739E-01      0.0000    
     4       0.124579598083          0.0000    
     5       0.254762990850          0.0000    
     6       0.333950150091          0.0000    
     7       0.514813702413          0.0000    
     8       0.533512031654          0.0000    
     9       0.533955476346          0.0000    
    10       0.552983336775          0.0000    
    11       0.733962670323          0.0000    
    12       0.751477100114          0.0000    
    13       0.762413280497          0.0000    
    14       0.791482779947          0.0000    
    15       0.813036324443          0.0000    
    16       0.830771695162          0.0000    
    17       0.935847549092          0.0000    
    18       0.980433288522          0.0000    
    19       0.985700698909          0.0000    
    20       0.992204726903          0.0000    
     45    20      0.075000000000      0.037500000000      0.037500000000       4
     1      -0.217540092530          0.0000    
     2       0.202005658510          0.0000    
     3       0.211152825020          0.0000    
     4       0.217780804398          0.0000    
     5       0.314897842872          0.0000    
     6       0.316116097219          0.0000    
     7       0.318569514525          0.0000    
     8       0.348246283741          0.0000    
     9       0.495332975339          0.0000    
    10       0.503019129732          0.0000    
    11       0.506917679376          0.0000    
    12       0.626401913120          0.0000    
    13       0.632906073584          0.0000    
    14       0.645888444483          0.0000    
    15       0.782456245533          0.0000    
    16        1.03723620471          0.0000    
    17        1.05171747837          0.0000    
    18        1.06005031774          0.0000    
    19        1.09512856936          0.0000    
    20        1.10323064501          0.0000    
     55    20      0.450000000000      0.450000000000      0.450000000000       4
     1      -0.137985984045          0.0000    
     2      -0.290684966922E-01      0.0000    
     3       0.175687555680          0.0000    
     4       0.175687559371          0.0000    
     5       0.273157095414          0.0000    
     6       0.342161832087          0.0000    
     7       0.342161835189          0.0000    
     8       0.498219938866          0.0000    
     9       0.582579328166          0.0000    
    10       0.582579329701          0.0000    
    11       0.607287322923          0.0000    
    12       0.664539110239          0.0000    
    13       0.664539112180          0.0000    
    14       0.695408054417          0.0000    
    15       0.871776163736          0.0000    
    16       0.969859317723          0.0000    
    17       0.969859319133          0.0000    
    18       0.992959937992          0.0000    
    19        1.06273258621          0.0000    
    20        1.06273258771          0.0000    
     65    20      0.725000000000      0.387500000000      0.387500000000       4
     1      -0.879051434939E-01      0.0000    
     2      -0.386032192166E-01      0.0000    
     3       0.593401873449E-01      0.0000    
     4       0.133582109268          0.0000    
     5       0.265342869049          0.0000    
     6       0.388763892010          0.0000    
     7       0.475409779624          0.0000    
     8       0.484078005535          0.0000    
     9       0.520106597565          0.0000    
    10       0.528994473323          0.0000    
    11       0.746993941020          0.0000    
    12       0.761465192431          0.0000    
    13       0.765812647554          0.0000    
    14       0.810791326635          0.0000    
    15       0.814421173194          0.0000    
    16       0.851755020241          0.0000    
    17       0.909833790460          0.0000    
    18       0.943708439393          0.0000    
    19        1.00083391411          0.0000    
    20        1.04237858040          0.0000    
     75    20      0.550000000000      0.050000000000      0.500000000000       4
     1      -0.660303823636E-01      0.0000    
     2      -0.657379095540E-01      0.0000    
     3       0.109737604412          0.0000    
     4       0.109762870982          0.0000    
     5       0.251633797894          0.0000    
     6       0.252057278427          0.0000    
     7       0.569550903615          0.0000    
     8       0.570565793014          0.0000    
     9       0.611079847089          0.0000    
    10       0.611629709156          0.0000    
    11       0.683209998386          0.0000    
    12       0.683751925774          0.0000    
    13       0.711258720305          0.0000    
    14       0.711895348195          0.0000    
    15       0.890609191989          0.0000    
    16       0.891722799710          0.0000    
    17       0.928764252143          0.0000    
    18       0.930193170883          0.0000    
    19       0.977719369408          0.0000    
    20       0.978032876433          0.0000    
      6    20      1.000000000000      0.083333333333      0.083333333333       4
     1      -0.214712281467          0.0000    
     2       0.193618793577          0.0000    
     3       0.203088163144          0.0000    
     4       0.203617792153          0.0000    
     5       0.302910728689          0.0000    
     6       0.334158113059          0.0000    
     7       0.334823820155          0.0000    
     8       0.358354682593          0.0000    
     9       0.476705141969          0.0000    
    10       0.511888792695          0.0000    
    11       0.518250255703          0.0000    
    12       0.637865413470          0.0000    
    13       0.638277333826          0.0000    
    14       0.649408734160          0.0000    
    15       0.802903637776          0.0000    
    16        1.01478427249          0.0000    
    17        1.01780378641          0.0000    
    18        1.07238615583          0.0000    
    19        1.07339147267          0.0000    
    20        1.08666796273          0.0000    
     16    20      1.000000000000      0.250000000000      0.250000000000       4
     1      -0.179182925000          0.0000    
     2       0.909928573194E-01      0.0000    
     3       0.149727494402          0.0000    
     4       0.150166134247          0.0000    
     5       0.259310671497          0.0000    
     6       0.332342818716          0.0000    
     7       0.429320844189          0.0000    
     8       0.430072263905          0.0000    
     9       0.505083708376          0.0000    
    10       0.551456777303          0.0000    
    11       0.627984379534          0.0000    
    12       0.696200632041          0.0000    
    13       0.697161468264          0.0000    
    14       0.719176720697          0.0000    
    15       0.854528920924          0.0000    
    16       0.855941382446          0.0000    
    17       0.900523869341          0.0000    
    18       0.943219809956          0.0000    
    19       0.987372758013          0.0000    
    20        1.13685735140          0.0000    
     26    20      1.000000000000      0.416666666667      0.416666666667       4
     1      -0.110797598882          0.0000    
     2      -0.165400182028E-01      0.0000    
     3       0.118499720708          0.0000    
     4       0.118873032709          0.0000    
     5       0.238505799369          0.0000    
     6       0.260645686815          0.0000    
     7       0.540880222419          0.0000    
     8       0.541728452227          0.0000    
     9       0.628212889059          0.0000    
    10       0.630274631560          0.0000    
    11       0.670180960750          0.0000    
    12       0.672068528536          0.0000    
    13       0.715393864988          0.0000    
    14       0.748425711929          0.0000    
    15       0.838471189371          0.0000    
    16       0.865038572732          0.0000    
    17       0.865464406753          0.0000    
    18       0.887024823277          0.0000    
    19        1.02919970799          0.0000    
    20        1.05049722769          0.0000    
     36    20      0.750000000000      0.375000000000      0.375000000000       4
     1      -0.814341795992E-01      0.0000    
     2      -0.446358576165E-01      0.0000    
     3       0.605873385005E-01      0.0000    
     4       0.130099449397          0.0000    
     5       0.261173652960          0.0000    
     6       0.369739679086          0.0000    
     7       0.492038303810          0.0000    
     8       0.509533847520          0.0000    
     9       0.515190092225          0.0000    
    10       0.532459888595          0.0000    
    11       0.749716802104          0.0000    
    12       0.770535892229          0.0000    
    13       0.788089534463          0.0000    
    14       0.789538146143          0.0000    
    15       0.796840629797          0.0000    
    16       0.833999346207          0.0000    
    17       0.936614132154          0.0000    
    18       0.941728752876          0.0000    
    19        1.00991578073          0.0000    
    20        1.01100792895          0.0000    
     46    20      0.000000000000      0.000000000000      0.000000000000       4
     1      -0.219361032984          0.0000    
     2       0.218574095942          0.0000    
     3       0.218574100190          0.0000    
     4       0.218749323341          0.0000    
     5       0.312795591015          0.0000    
     6       0.313047618031          0.0000    
     7       0.313047619352          0.0000    
     8       0.334665829260          0.0000    
     9       0.498861147649          0.0000    
    10       0.505327320314          0.0000    
    11       0.505327320385          0.0000    
    12       0.629546778024          0.0000    
    13       0.629722440247          0.0000    
    14       0.629722442173          0.0000    
    15       0.768970162635          0.0000    
    16        1.06972365940          0.0000    
    17        1.06972365985          0.0000    
    18        1.07088716559          0.0000    
    19        1.11593672597          0.0000    
    20        1.11593672606          0.0000    
     56    20      0.500000000000      0.500000000000      0.500000000000       4
     1      -0.132997360413          0.0000    
     2      -0.362661142791E-01      0.0000    
     3       0.175046887977          0.0000    
     4       0.175046891672          0.0000    
     5       0.272486413384          0.0000    
     6       0.341433632277          0.0000    
     7       0.341433635393          0.0000    
     8       0.497061382379          0.0000    
     9       0.609821352773          0.0000    
    10       0.609821353755          0.0000    
    11       0.625329444514          0.0000    
    12       0.634649057843          0.0000    
    13       0.634649060355          0.0000    
    14       0.678096167335          0.0000    
    15       0.916904900372          0.0000    
    16       0.943784357321          0.0000    
    17        1.01620210691          0.0000    
    18        1.01620210817          0.0000    
    19        1.02207969865          0.0000    
    20        1.02207970031          0.0000    
     66    20      0.750000000000      0.375000000000      0.375000000000       4
     1      -0.814341795992E-01      0.0000    
     2      -0.446358576165E-01      0.0000    
     3       0.605873385005E-01      0.0000    
     4       0.130099449397          0.0000    
     5       0.261173652960          0.0000    
     6       0.369739679086          0.0000    
     7       0.492038303810          0.0000    
     8       0.509533847520          0.0000    
     9       0.515190092225          0.0000    
    10       0.532459888595          0.0000    
    11       0.749716802104          0.0000    
    12       0.770535892228          0.0000    
    13       0.788089534463          0.0000    
    14       0.789538146144          0.0000    
    15       0.796840629798          0.0000    
    16       0.833999346207          0.0000    
    17       0.936614132153          0.0000    
    18       0.941728752888          0.0000    
    19        1.00991578074          0.0000    
    20        1.01100792895          0.0000    
     76    20      0.500000000000      0.000000000000      0.500000000000       4
     1      -0.665816415821E-01      0.0000    
     2      -0.662885990434E-01      0.0000    
     3       0.114400132058          0.0000    
     4       0.114422702418          0.0000    
     5       0.242935440350          0.0000    
     6       0.243377966128          0.0000    
     7       0.585724115682          0.0000    
     8       0.585836699811          0.0000    
     9       0.623477635872          0.0000    
    10       0.624082457786          0.0000    
    11       0.682311600507          0.0000    
    12       0.682399085252          0.0000    
    13       0.682453404421          0.0000    
    14       0.683291460749          0.0000    
    15       0.907755277892          0.0000    
    16       0.908175279918          0.0000    
    17       0.939505652952          0.0000    
    18       0.939805379302          0.0000    
    19       0.960887357923          0.0000    
    20       0.961165830909          0.0000    
      7    20      1.000000000000      0.100000000000      0.100000000000       4
     1      -0.212737350724          0.0000    
     2       0.184695660462          0.0000    
     3       0.197742031375          0.0000    
     4       0.198264323360          0.0000    
     5       0.298923153349          0.0000    
     6       0.341862285573          0.0000    
     7       0.342531491456          0.0000    
     8       0.365288495028          0.0000    
     9       0.468192261061          0.0000    
    10       0.514064859425          0.0000    
    11       0.526041356724          0.0000    
    12       0.641311385626          0.0000    
    13       0.641740410864          0.0000    
    14       0.655223686889          0.0000    
    15       0.816722827382          0.0000    
    16       0.998358252925          0.0000    
    17        1.00120900883          0.0000    
    18        1.05611511832          0.0000    
    19        1.06147751954          0.0000    
    20        1.08801214628          0.0000    
     17    20      1.000000000000      0.266666666667      0.266666666667       4
     1      -0.173750351991          0.0000    
     2       0.800925898951E-01      0.0000    
     3       0.145311655239          0.0000    
     4       0.145741776532          0.0000    
     5       0.255679924982          0.0000    
     6       0.323290965514          0.0000    
     7       0.440070025738          0.0000    
     8       0.440832391324          0.0000    
     9       0.517155889510          0.0000    
    10       0.557582858566          0.0000    
    11       0.640999461516          0.0000    
    12       0.703343492954          0.0000    
    13       0.704457030532          0.0000    
    14       0.728436753130          0.0000    
    15       0.841707846213          0.0000    
    16       0.842927866872          0.0000    
    17       0.883930124565          0.0000    
    18       0.931262956726          0.0000    
    19        1.00641497541          0.0000    
    20        1.14673817058          0.0000    
     27    20      1.000000000000      0.433333333333      0.433333333333       4
     1      -0.102365758104          0.0000    
     2      -0.268199018030E-01      0.0000    
     3       0.117058427874          0.0000    
     4       0.117427810472          0.0000    
     5       0.238598411418          0.0000    
     6       0.256215954819          0.0000    
     7       0.552198168535          0.0000    
     8       0.553043814519          0.0000    
     9       0.639892630613          0.0000    
    10       0.640283797802          0.0000    
    11       0.658625402265          0.0000    
    12       0.660488542855          0.0000    
    13       0.712526124855          0.0000    
    14       0.735079760605          0.0000    
    15       0.853361420461          0.0000    
    16       0.880086691653          0.0000    
    17       0.880599649580          0.0000    
    18       0.894315947833          0.0000    
    19        1.01159849951          0.0000    
    20        1.03007018560          0.0000    
     37    20      0.675000000000      0.337500000000      0.337500000000       4
     1      -0.966094422351E-01      0.0000    
     2      -0.298695837991E-01      0.0000    
     3       0.562719475093E-01      0.0000    
     4       0.140307039868          0.0000    
     5       0.273047656080          0.0000    
     6       0.425417018552          0.0000    
     7       0.459454650611          0.0000    
     8       0.477545580796          0.0000    
     9       0.488719398863          0.0000    
    10       0.504285779166          0.0000    
    11       0.744184202358          0.0000    
    12       0.764340489089          0.0000    
    13       0.784624054141          0.0000    
    14       0.797291619375          0.0000    
    15       0.825211405592          0.0000    
    16       0.866896556736          0.0000    
    17       0.876752072169          0.0000    
    18       0.948241800605          0.0000    
    19        1.03309094347          0.0000    
    20        1.04541227422          0.0000    
     47    20      0.050000000000      0.050000000000      0.050000000000       4
     1      -0.218146848341          0.0000    
     2       0.205653880130          0.0000    
     3       0.216573469281          0.0000    
     4       0.216573473447          0.0000    
     5       0.314228651156          0.0000    
     6       0.315981881908          0.0000    
     7       0.315981883212          0.0000    
     8       0.343997764787          0.0000    
     9       0.501055864861          0.0000    
    10       0.501055864929          0.0000    
    11       0.504278097452          0.0000    
    12       0.624196512571          0.0000    
    13       0.637919264757          0.0000    
    14       0.637919266615          0.0000    
    15       0.778039901691          0.0000    
    16        1.05283692183          0.0000    
    17        1.05639176272          0.0000    
    18        1.05639176387          0.0000    
    19        1.10497718022          0.0000    
    20        1.10497718073          0.0000    
     57    20      0.525000000000      0.487500000000      0.487500000000       4
     1      -0.132392774923          0.0000    
     2      -0.359345438479E-01      0.0000    
     3       0.169465084806          0.0000    
     4       0.173932493954          0.0000    
     5       0.277566624414          0.0000    
     6       0.340375504135          0.0000    
     7       0.343764633218          0.0000    
     8       0.499901128764          0.0000    
     9       0.590655118411          0.0000    
    10       0.602686605934          0.0000    
    11       0.628937090036          0.0000    
    12       0.642554331109          0.0000    
    13       0.646457171788          0.0000    
    14       0.684403434959          0.0000    
    15       0.916240274965          0.0000    
    16       0.942468834027          0.0000    
    17        1.00706417271          0.0000    
    18        1.00912979520          0.0000    
    19        1.02706249642          0.0000    
    20        1.02895984076          0.0000    
     67    20      0.750000000000      0.350000000000      0.400000000000       4
     1      -0.805826155570E-01      0.0000    
     2      -0.449684949842E-01      0.0000    
     3       0.612732253876E-01      0.0000    
     4       0.124917559130          0.0000    
     5       0.268929421664          0.0000    
     6       0.370307101718          0.0000    
     7       0.476015043032          0.0000    
     8       0.493519418627          0.0000    
     9       0.525481066717          0.0000    
    10       0.554261650171          0.0000    
    11       0.732521340520          0.0000    
    12       0.772977782085          0.0000    
    13       0.778297981949          0.0000    
    14       0.802162819393          0.0000    
    15       0.806715091739          0.0000    
    16       0.841269676210          0.0000    
    17       0.932856062316          0.0000    
    18       0.936536001991          0.0000    
    19       0.989820836121          0.0000    
    20        1.01848267036          0.0000    
      8    20      1.000000000000      0.116666666667      0.116666666667       4
     1      -0.210406388628          0.0000    
     2       0.175206537892          0.0000    
     3       0.192169481022          0.0000    
     4       0.192683409816          0.0000    
     5       0.294609018063          0.0000    
     6       0.350210684792          0.0000    
     7       0.350885358752          0.0000    
     8       0.371233508114          0.0000    
     9       0.460909064627          0.0000    
    10       0.516637435350          0.0000    
    11       0.534833025928          0.0000    
    12       0.645369641067          0.0000    
    13       0.645820824975          0.0000    
    14       0.661204508948          0.0000    
    15       0.832295725280          0.0000    
    16       0.981633451489          0.0000    
    17       0.984313572076          0.0000    
    18        1.03917188943          0.0000    
    19        1.04855000916          0.0000    
    20        1.09054609313          0.0000    
     18    20      1.000000000000      0.283333333333      0.283333333333       4
     1      -0.167990327099          0.0000    
     2       0.691831952667E-01      0.0000    
     3       0.141161827231          0.0000    
     4       0.141583826669          0.0000    
     5       0.252343579141          0.0000    
     6       0.314515389330          0.0000    
     7       0.450935553356          0.0000    
     8       0.451708980555          0.0000    
     9       0.529477247323          0.0000    
    10       0.564101279076          0.0000    
    11       0.653914871878          0.0000    
    12       0.709647972291          0.0000    
    13       0.710953301556          0.0000    
    14       0.738268017438          0.0000    
    15       0.830642869455          0.0000    
    16       0.831643051532          0.0000    
    17       0.867613854185          0.0000    
    18       0.919931912779          0.0000    
    19        1.02430447965          0.0000    
    20        1.15455791857          0.0000    
     28    20      1.000000000000      0.450000000000      0.450000000000       4
     1      -0.936780904929E-01      0.0000    
     2      -0.369490447814E-01      0.0000    
     3       0.115936083625          0.0000    
     4       0.116302027062          0.0000    
     5       0.239134724309          0.0000    
     6       0.252303337334          0.0000    
     7       0.563255988207          0.0000    
     8       0.564087705760          0.0000    
     9       0.647246099284          0.0000    
    10       0.649069006264          0.0000    
    11       0.650675389974          0.0000    
    12       0.651317314705          0.0000    
    13       0.707415693736          0.0000    
    14       0.722094546592          0.0000    
    15       0.868467721962          0.0000    
    16       0.896011223410          0.0000    
    17       0.896601350487          0.0000    
    18       0.903018376795          0.0000    
    19       0.995377131327          0.0000    
    20        1.01006762039          0.0000    
     38    20      0.600000000000      0.300000000000      0.300000000000       4
     1      -0.116011297273          0.0000    
     2      -0.113410968885E-01      0.0000    
     3       0.618972622408E-01      0.0000    
     4       0.152401957910          0.0000    
     5       0.287050831777          0.0000    
     6       0.429516823731          0.0000    
     7       0.438403780142          0.0000    
     8       0.464854578606          0.0000    
     9       0.480267273511          0.0000    
    10       0.494413360239          0.0000    
    11       0.713977983040          0.0000    
    12       0.733712871761          0.0000    
    13       0.781223992712          0.0000    
    14       0.821958408472          0.0000    
    15       0.823946457405          0.0000    
    16       0.860069909135          0.0000    
    17       0.887348900848          0.0000    
    18       0.950955100679          0.0000    
    19        1.03675574921          0.0000    
    20        1.08473118445          0.0000    
     48    20      0.100000000000      0.100000000000      0.100000000000       4
     1      -0.214517209150          0.0000    
     2       0.176894203921          0.0000    
     3       0.211386425257          0.0000    
     4       0.211386429254          0.0000    
     5       0.311168936230          0.0000    
     6       0.323638313146          0.0000    
     7       0.323638314480          0.0000    
     8       0.369508679626          0.0000    
     9       0.491623653536          0.0000    
    10       0.491623653637          0.0000    
    11       0.519068837749          0.0000    
    12       0.612415019687          0.0000    
    13       0.659384298116          0.0000    
    14       0.659384299843          0.0000    
    15       0.801575612725          0.0000    
    16        1.01665503893          0.0000    
    17        1.01763719407          0.0000    
    18        1.01763719571          0.0000    
    19        1.09968407379          0.0000    
    20        1.09968407483          0.0000    
     58    20      0.550000000000      0.475000000000      0.475000000000       4
     1      -0.130582317887          0.0000    
     2      -0.349739154251E-01      0.0000    
     3       0.155638393581          0.0000    
     4       0.170791611089          0.0000    
     5       0.288794105285          0.0000    
     6       0.338911576512          0.0000    
     7       0.350553968754          0.0000    
     8       0.506879309326          0.0000    
     9       0.565872357240          0.0000    
    10       0.590875865143          0.0000    
    11       0.623226273119          0.0000    
    12       0.656640520548          0.0000    
    13       0.668721919789          0.0000    
    14       0.701210986342          0.0000    
    15       0.913807612643          0.0000    
    16       0.938293841768          0.0000    
    17       0.997678183918          0.0000    
    18       0.998396367234          0.0000    
    19        1.03045723463          0.0000    
    20        1.03078510225          0.0000    
     68    20      0.750000000000      0.325000000000      0.425000000000       4
     1      -0.780301018441E-01      0.0000    
     2      -0.461276958146E-01      0.0000    
     3       0.633208457564E-01      0.0000    
     4       0.112554315108          0.0000    
     5       0.289140789372          0.0000    
     6       0.371946869436          0.0000    
     7       0.454038771305          0.0000    
     8       0.465872361953          0.0000    
     9       0.547247769369          0.0000    
    10       0.581687085428          0.0000    
    11       0.708588738654          0.0000    
    12       0.752349078165          0.0000    
    13       0.784702372928          0.0000    
    14       0.816693629703          0.0000    
    15       0.829317567287          0.0000    
    16       0.857762470045          0.0000    
    17       0.914722073956          0.0000    
    18       0.936293763730          0.0000    
    19       0.961860280455          0.0000    
    20        1.03399727563          0.0000    
      9    20      1.000000000000      0.133333333333      0.133333333333       4
     1      -0.207720928760          0.0000    
     2       0.165311159973          0.0000    
     3       0.186499842799          0.0000    
     4       0.187004693393          0.0000    
     5       0.290084501959          0.0000    
     6       0.359069062758          0.0000    
     7       0.359750565270          0.0000    
     8       0.375078353418          0.0000    
     9       0.456059665627          0.0000    
    10       0.519606291898          0.0000    
    11       0.544498539603          0.0000    
    12       0.650028834836          0.0000    
    13       0.650507832493          0.0000    
    14       0.667347711534          0.0000    
    15       0.849332134155          0.0000    
    16       0.964807437103          0.0000    
    17       0.967321577697          0.0000    
    18        1.02184048343          0.0000    
    19        1.03526617219          0.0000    
    20        1.09376106750          0.0000    
     19    20      1.000000000000      0.300000000000      0.300000000000       4
     1      -0.161907643890          0.0000    
     2       0.582801970839E-01      0.0000    
     3       0.137288555291          0.0000    
     4       0.137702854203          0.0000    
     5       0.249324266013          0.0000    
     6       0.306106262792          0.0000    
     7       0.461906945943          0.0000    
     8       0.462691512106          0.0000    
     9       0.541942442496          0.0000    
    10       0.571011345594          0.0000    
    11       0.666529353033          0.0000    
    12       0.714306358926          0.0000    
    13       0.715839222062          0.0000    
    14       0.748691694597          0.0000    
    15       0.822141923167          0.0000    
    16       0.822900778244          0.0000    
    17       0.851593731903          0.0000    
    18       0.909412843236          0.0000    
    19        1.04073023372          0.0000    
    20        1.14797256439          0.0000    
     29    20      1.000000000000      0.466666666667      0.466666666667       4
     1      -0.847453416531E-01      0.0000    
     2      -0.469118805320E-01      0.0000    
     3       0.115134131203          0.0000    
     4       0.115497126561          0.0000    
     5       0.240123267148          0.0000    
     6       0.248903581302          0.0000    
     7       0.573636952214          0.0000    
     8       0.574435729318          0.0000    
     9       0.636579228425          0.0000    
    10       0.638447493430          0.0000    
    11       0.661445593185          0.0000    
    12       0.662325329069          0.0000    
    13       0.700539413833          0.0000    
    14       0.709474150435          0.0000    
    15       0.883451734901          0.0000    
    16       0.910941554154          0.0000    
    17       0.912528933500          0.0000    
    18       0.913316684324          0.0000    
    19       0.982205892491          0.0000    
    20       0.990685708760          0.0000    
     39    20      0.525000000000      0.262500000000      0.262500000000       4
     1      -0.136868867604          0.0000    
     2       0.108620768882E-01      0.0000    
     3       0.750996958236E-01      0.0000    
     4       0.165697751477          0.0000    
     5       0.302033715309          0.0000    
     6       0.402662030664          0.0000    
     7       0.412834479889          0.0000    
     8       0.444959342273          0.0000    
     9       0.461427291256          0.0000    
    10       0.552296290312          0.0000    
    11       0.684431392171          0.0000    
    12       0.710023139525          0.0000    
    13       0.720617790680          0.0000    
    14       0.843210677676          0.0000    
    15       0.843635774273          0.0000    
    16       0.844722918892          0.0000    
    17       0.893222040490          0.0000    
    18       0.972826419483          0.0000    
    19        1.03521630974          0.0000    
    20        1.07976532484          0.0000    
     49    20      0.150000000000      0.150000000000      0.150000000000       4
     1      -0.208513847767          0.0000    
     2       0.143303379710          0.0000    
     3       0.204611250136          0.0000    
     4       0.204611253979          0.0000    
     5       0.304718698748          0.0000    
     6       0.333364267645          0.0000    
     7       0.333364269183          0.0000    
     8       0.400819482683          0.0000    
     9       0.482887822333          0.0000    
    10       0.482887822664          0.0000    
    11       0.537541068024          0.0000    
    12       0.603704706341          0.0000    
    13       0.689023899372          0.0000    
    14       0.689023900969          0.0000    
    15       0.833328975103          0.0000    
    16       0.968965169622          0.0000    
    17       0.968965171317          0.0000    
    18       0.976681388985          0.0000    
    19        1.10054140985          0.0000    
    20        1.10054141103          0.0000    
     59    20      0.575000000000      0.462500000000      0.462500000000       4
     1      -0.127576502613          0.0000    
     2      -0.334953497168E-01      0.0000    
     3       0.138025367963          0.0000    
     4       0.166122886496          0.0000    
     5       0.297397726818          0.0000    
     6       0.342781437219          0.0000    
     7       0.361290295149          0.0000    
     8       0.511474825237          0.0000    
     9       0.546103823568          0.0000    
    10       0.578848424373          0.0000    
    11       0.619390916685          0.0000    
    12       0.672372512536          0.0000    
    13       0.687532431392          0.0000    
    14       0.725625758713          0.0000    
    15       0.908021378929          0.0000    
    16       0.932103418137          0.0000    
    17       0.984818805845          0.0000    
    18       0.993826272890          0.0000    
    19        1.02361347890          0.0000    
    20        1.02540644007          0.0000    
     69    20      0.750000000000      0.300000000000      0.450000000000       4
     1      -0.737832905185E-01      0.0000    
     2      -0.485826969948E-01      0.0000    
     3       0.666990351376E-01      0.0000    
     4       0.982954213564E-01      0.0000    
     5       0.316838842815          0.0000    
     6       0.374392012135          0.0000    
     7       0.432611264536          0.0000    
     8       0.439106090538          0.0000    
     9       0.568484969555          0.0000    
    10       0.605080996981          0.0000    
    11       0.688712158130          0.0000    
    12       0.731342768958          0.0000    
    13       0.793218214734          0.0000    
    14       0.826504215248          0.0000    
    15       0.859169956420          0.0000    
    16       0.873794333486          0.0000    
    17       0.899551879605          0.0000    
    18       0.934878750400          0.0000    
    19       0.936032198577          0.0000    
    20        1.01251286751          0.0000    
     10    20      1.000000000000      0.150000000000      0.150000000000       4
     1      -0.204682763764          0.0000    
     2       0.155121453830          0.0000    
     3       0.180828479893          0.0000    
     4       0.181323818584          0.0000    
     5       0.285450628173          0.0000    
     6       0.368336939098          0.0000    
     7       0.369025410781          0.0000    
     8       0.375734658996          0.0000    
     9       0.454803137450          0.0000    
    10       0.522971163500          0.0000    
    11       0.554923235819          0.0000    
    12       0.655271944676          0.0000    
    13       0.655785226094          0.0000    
    14       0.673693214828          0.0000    
    15       0.867555341845          0.0000    
    16       0.948022428763          0.0000    
    17       0.950377525643          0.0000    
    18        1.00431454000          0.0000    
    19        1.02182595136          0.0000    
    20        1.09759436992          0.0000    
     20    20      1.000000000000      0.316666666667      0.316666666667       4
     1      -0.155507538194          0.0000    
     2       0.473990066928E-01      0.0000    
     3       0.133700586798          0.0000    
     4       0.134107625278          0.0000    
     5       0.246641855192          0.0000    
     6       0.298123457769          0.0000    
     7       0.472975751674          0.0000    
     8       0.473771478335          0.0000    
     9       0.554473049073          0.0000    
    10       0.578312300458          0.0000    
    11       0.678577081677          0.0000    
    12       0.716303919968          0.0000    
    13       0.718070111304          0.0000    
    14       0.759722883185          0.0000    
    15       0.817208560957          0.0000    
    16       0.817745528181          0.0000    
    17       0.835893518346          0.0000    
    18       0.899952552892          0.0000    
    19        1.05546603034          0.0000    
    20        1.13501934511          0.0000    
     30    20      1.000000000000      0.483333333333      0.483333333333       4
     1      -0.755795268689E-01      0.0000    
     2      -0.566928539637E-01      0.0000    
     3       0.114653587343          0.0000    
     4       0.115014126127          0.0000    
     5       0.241564583982          0.0000    
     6       0.246018910026          0.0000    
     7       0.582200080003          0.0000    
     8       0.582948358801          0.0000    
     9       0.627834302680          0.0000    
    10       0.629748657209          0.0000    
    11       0.672593682625          0.0000    
    12       0.672909276175          0.0000    
    13       0.692324220208          0.0000    
    14       0.697222685676          0.0000    
    15       0.897569547203          0.0000    
    16       0.914463681563          0.0000    
    17       0.928949297125          0.0000    
    18       0.929766880485          0.0000    
    19       0.972564409725          0.0000    
    20       0.974651964811          0.0000    
     40    20      0.450000000000      0.225000000000      0.225000000000       4
     1      -0.157046722100          0.0000    
     2       0.366174892741E-01      0.0000    
     3       0.937775420379E-01      0.0000    
     4       0.179245512920          0.0000    
     5       0.315920213624          0.0000    
     6       0.379130171789          0.0000    
     7       0.388898313894          0.0000    
     8       0.430703093052          0.0000    
     9       0.448831287158          0.0000    
    10       0.597643734291          0.0000    
    11       0.645787247298          0.0000    
    12       0.670300383196          0.0000    
    13       0.704900741518          0.0000    
    14       0.791806918337          0.0000    
    15       0.853278347520          0.0000    
    16       0.869512273837          0.0000    
    17       0.925730090100          0.0000    
    18       0.982955431746          0.0000    
    19       0.997592285713          0.0000    
    20        1.07441446484          0.0000    
     50    20      0.200000000000      0.200000000000      0.200000000000       4
     1      -0.200217877303          0.0000    
     2       0.108906487848          0.0000    
     3       0.197550667868          0.0000    
     4       0.197550671610          0.0000    
     5       0.297343848208          0.0000    
     6       0.342095140766          0.0000    
     7       0.342095142700          0.0000    
     8       0.433073764751          0.0000    
     9       0.479517146575          0.0000    
    10       0.479517147311          0.0000    
    11       0.545844417583          0.0000    
    12       0.613302396851          0.0000    
    13       0.723069030365          0.0000    
    14       0.723069031812          0.0000    
    15       0.865626128591          0.0000    
    16       0.919340516056          0.0000    
    17       0.919340517688          0.0000    
    18       0.941324419886          0.0000    
    19        1.10334411917          0.0000    
    20        1.10334412040          0.0000    
     60    20      0.600000000000      0.450000000000      0.450000000000       4
     1      -0.123395116933          0.0000    
     2      -0.317163557694E-01      0.0000    
     3       0.119351054221          0.0000    
     4       0.160521685880          0.0000    
     5       0.297170541919          0.0000    
     6       0.357008605803          0.0000    
     7       0.375353450813          0.0000    
     8       0.500104121610          0.0000    
     9       0.541303575194          0.0000    
    10       0.567450917215          0.0000    
    11       0.621949309418          0.0000    
    12       0.688774825348          0.0000    
    13       0.703769887736          0.0000    
    14       0.754227031294          0.0000    
    15       0.896851585236          0.0000    
    16       0.926922386368          0.0000    
    17       0.968419252357          0.0000    
    18       0.990180962797          0.0000    
    19        1.01128465439          0.0000    
    20        1.01317881973          0.0000    
     70    20      0.750000000000      0.275000000000      0.475000000000       4
     1      -0.678537914824E-01      0.0000    
     2      -0.530160154762E-01      0.0000    
     3       0.713522336170E-01      0.0000    
     4       0.857916810737E-01      0.0000    
     5       0.348385758280          0.0000    
     6       0.376671966741          0.0000    
     7       0.413340706753          0.0000    
     8       0.414402997388          0.0000    
     9       0.588281242915          0.0000    
    10       0.615237380528          0.0000    
    11       0.681701476730          0.0000    
    12       0.711251247269          0.0000    
    13       0.805156400354          0.0000    
    14       0.831169560480          0.0000    
    15       0.877022883886          0.0000    
    16       0.888086323051          0.0000    
    17       0.905263158158          0.0000    
    18       0.910262084027          0.0000    
    19       0.936570621995          0.0000    
    20       0.973986969778          0.0000    
