    0.00000    -11.93466811    -0.01739827    -0.01004518     0.00000000     2.55089203     2.55979258     2.56985578     3.14518844     7.60967340     7.80548463     7.82562252    11.17380251    11.18450409    11.19125423    14.95994965    23.16736713    23.25142734    23.39472148    24.54590281    24.57280876
    0.02041    -11.92976169    -0.04203553    -0.03827010    -0.02251760     2.54708022     2.57760394     2.59620498     3.17799287     7.63183701     7.76309886     7.83082853    11.18236231    11.19287270    11.21904383    14.99825517    23.07334741    23.15787488    23.40426489    24.47811975    24.48046040
    0.04082    -11.91505721    -0.13837250    -0.09838482    -0.08344743     2.50951925     2.65535191     2.67367643     3.27174823     7.64260730     7.69784489     7.84684112    11.20807192    11.21860003    11.29690479    15.11277895    22.82280807    22.91166011    23.41494746    24.25455268    24.28616397
    0.06123    -11.89056396    -0.28849976    -0.19120508    -0.17648252     2.44919481     2.77755843     2.79571425     3.41432726     7.46115658     7.80552883     7.87365874    11.25090638    11.26155106    11.41202304    15.30093760    22.47580685    22.56485804    23.43050532    23.97724156    23.99087892
    0.08164    -11.85629744    -0.47968818    -0.30868460    -0.29410642     2.36918109     2.93611197     2.95420276     3.59003520     7.24026302     7.91127891     7.95175452    11.31081751    11.32168639    11.55049070    15.55828971    22.07496348    22.16125072    23.42362033    23.62470366    23.70339258
    0.10206    -11.81227952    -0.70093764    -0.44326094    -0.42884889     2.27307078     3.12336211     3.14147706     3.78178948     7.00229484     7.95969827     8.13280386    11.38772368    11.39893270    11.70183591    15.87867783    21.64428891    21.72645471    23.21172832    23.23908460    23.60035913
    0.12247    -11.75853849    -0.94375037    -0.58873774    -0.57452534     2.16456248     3.33300497     3.35121513     3.97046961     6.77064573     8.01891253     8.34481218    11.48149410    11.49316856    11.86007008    16.25472009    21.19731063    21.27488426    22.76896735    22.91488687    23.63693652
    0.14288    -11.69510929    -1.20196457    -0.74037575    -0.72639093     2.04716795     3.56017827     3.57853723     4.13224293     6.57245830     8.08891643     8.58404757    11.59192572    11.60420316    12.02281781    16.67848356    20.74220203    20.81513240    22.30791499    22.56310863    23.70588927
    0.16329    -11.62203363    -1.47123364    -0.89465568    -0.88091789     1.92404863     3.80122891     3.81977368     4.23686732     6.44049840     8.16970377     8.84706166    11.71870984    11.73174413    12.18998419    17.14207150    20.28433925    20.35275304    21.83629970    22.20163417    23.79337386
    0.18370    -11.53936030    -1.74851185    -1.04898254    -1.03550358     1.79795351     4.05342265     4.07215707     4.25472645     6.40630625     8.26126731     9.13073432    11.86138325    11.87535046    12.36265548    17.63795414    19.82759232    19.89167828    21.35939074    21.83590426    23.89768416
    0.20411    -11.44714540    -2.03165344    -1.20143270    -1.18821825     1.67122198     4.17555966     4.31469690     4.33380419     6.48136840     8.36359878     9.43224677    12.01925559    12.03436212    12.54239130    18.15900411    19.37504156    19.43501882    20.88085939    21.46906639    24.01940714
    0.22452    -11.34545271    -2.31912573    -1.35056338    -1.33761444     1.54582075     4.01727001     4.58347601     4.60279571     6.64914138     8.47668883     9.74901113    12.19129820    12.20779251    12.73083839    18.69780494    18.92944289    18.98609318    20.40332608    21.10353758    24.16011228
    0.24493    -11.23435399    -2.60980997    -1.49527655    -1.48259055     1.42339445     3.80819706     4.85854083     4.87812652     6.88176789     8.60052695    10.07857313    12.37596861    12.39415820    12.92955039    18.49360890    18.54481745    19.25035223    19.92870682    20.74147362    24.32211061
    0.26535    -11.11392947    -2.90286398    -1.63472347    -1.62229518     1.30531772     3.57196225     5.13893831     5.15880393     7.15609476     8.73510145    10.41849379    12.57092464    12.59120083    13.13992021    18.07081954    18.11814930    19.45843525    19.80554330    20.38510845    24.50837455
    0.28576    -10.98426826    -3.19762702    -1.76823805    -1.75606024     1.19274328     3.32403931     5.42391890     5.44407256     7.45685510     8.88039938    10.76620737    12.77254541    12.79541869    13.36316553    17.66537989    17.70846344    18.99360770    20.03505367    20.35889424    24.72224015
    0.30617    -10.84546888    -3.49355356    -1.89529011    -1.88335402     1.08664347     3.07396504     5.71289228     5.73333962     7.77452104     9.03640644    11.11884494    12.97511832    13.00126421    13.60033445    17.28348438    17.32191972    18.53508052    19.69690538    20.89837774    24.96609270
    0.32658    -10.69763988    -3.79016728    -2.01545216    -2.00374787     0.98784505     2.82764964     6.00539471     6.02613990     8.10302440     9.20310691    11.47300615    13.16948699    13.19978813    13.85231475    16.93460243    16.96780114    18.08353818    19.37154027    21.41654694    25.23496560
    0.34699    -10.54090039    -4.08702936    -2.12837562    -2.11689234     0.89705774     2.58885217     6.30106310     6.32210929     8.43830826     9.38048356    11.82445513    13.34104196    13.37656206    14.11983918    16.63350671    16.66072326    17.63954635    19.06320444    21.90334898    25.44775346
    0.36740    -10.37538084    -4.38371739    -2.23377355    -2.22249981     0.81489740     2.36002638     6.59961225     6.62096155     8.77750617     9.56851753    12.16771534    13.46780412    13.50951577    14.40348412    16.40218236    16.42283202    17.20361319    18.77696372    22.35032003    25.26855543
    0.38781    -10.20122373    -4.67981199    -2.33140791    -2.32033175     0.74190471     2.14280148     6.90081216     6.92246516     9.11848402     9.76718819    12.49555331    13.52216095    13.57022184    14.70366041    16.26793768    16.28254941    16.77638526    18.51953409    22.75130463    24.91607761
    0.40822    -10.01858434    -4.97488936    -2.42108012    -2.41018916     0.67856023     1.93826305     7.20446247     7.22641713     9.45957813     9.97647304    12.79839526    13.48196920    13.53502861    15.02059556    16.24773475    16.26349919    16.36325196    18.29980762    23.10136793    24.50341925
    0.42864     -9.82763162    -5.26851807    -2.50262389    -2.49190547     0.62529654     1.74712401     7.51035974     7.53260942     9.79943710    10.19634751    13.06367861    13.34591061    13.40202318    15.35430530    15.94320169    16.36401503    16.36788878    18.12912274    23.38710414    24.05966468
    0.44905     -9.62854909    -5.56025894    -2.57589978    -2.56534104     0.58250787     1.56983356     7.81825100     7.84078092    10.13691679    10.42678477    13.13348898    13.18349177    13.28477345    15.54312779    15.70455077    16.57044034    16.57564003    18.02068109    23.45397616    23.72720914
    0.46946     -9.42153566    -5.84966697    -2.64079108    -2.63037897     0.55055789     1.40664990     8.12775985     8.15054118    10.47099897    10.66775555    12.87009078    12.92319650    13.43002081    15.15147891    16.07077217    16.85324268    16.86024108    17.98723702    23.02547442    23.67440661
    0.48987     -9.20680667    -6.13629455    -2.69720052    -2.68692187     0.52978562     1.25769096     8.43825642     8.46123594    10.80071535    10.91922781    12.57643867    12.62875044    13.50287899    14.76909941    16.45197657    17.19103019    17.20024585    18.03677676    22.53139133    23.18027064
    0.51028     -8.98459474    -6.41969516    -2.74504780    -2.73488938     0.52050961     1.12297137     8.74860146     8.77168315    11.12506305    11.18116636    12.26708143    12.31844517    13.49739690    14.39624630    16.84652782    17.56946882    17.58105645    18.16774988    22.03655597    22.61609556
    0.53069     -8.75515086    -6.69942724    -2.78426769    -2.77421619     0.52302973     1.00243127     9.05658088     9.07959226    11.44288751    11.45353179    11.95263620    12.00333523    13.41936110    14.03308161    17.25171483    17.97895222    17.99291062    18.36615304    21.55759893    22.06024306
    0.55110     -8.51874553    -6.97505743    -2.81480847    -2.80485056     0.53762366     0.89596269     9.35748185     9.38011421    11.64298715    11.69259137    11.73630364    11.75377144    13.28029809    13.67973316    17.66278146    18.41228421    18.42834251    18.60296006    21.11618955    21.51594126
    0.57151     -8.27567114    -7.24616213    -2.83663088    -2.82675319     0.56452350     0.80344989     9.63996449     9.66170049    11.35272453    11.40356301    12.02937810    12.05331712    13.09318351    13.33631199    18.07052043    18.81856239    18.86175753    18.88319349    20.75777906    20.98852843
    0.59193     -8.02625465    -7.51231807    -2.84970724    -2.83989641     0.60374403     0.72495337     9.87298090     9.89334276    11.11476111    11.16685376    12.33273545    12.34132326    12.86963495    13.00293003    18.45468869    18.91440512    19.30858189    19.33082964    20.49541889    20.55222460
    0.61234     -7.77822377    -7.76573841    -2.85402095    -2.84426358     0.64654803     0.66925295     9.97809169     9.99884782    11.00857061    11.06035787    12.60533725    12.62712733    12.64508521    12.68089941    18.75553001    18.79539328    19.60545491    19.63755503    20.18319678    20.23293698
    0.65564     -7.78746040    -7.74369165    -2.99271739    -2.83689308     0.66574716     0.88843196     9.75987659     9.85303393    10.66484059    10.74978737    12.74590320    12.86522374    12.93062700    13.05068785    18.33970866    18.58069602    19.41009471    19.68651134    20.23475469    20.60276234
    0.69893     -7.81836913    -7.67434585    -3.33840046    -2.78488518     0.72545018     1.45167994     9.26518868     9.49937216     9.97910958    10.23708758    13.09116120    13.37262976    13.44197544    13.83288952    17.62147454    17.99637810    19.31490258    19.92276844    20.39007794    20.90764159
    0.74223     -7.88327718    -7.55782579    -3.73395710    -2.69871151     0.82492807     2.22271312     8.66536744     9.04337858     9.25954765     9.65883248    13.53339073    13.93495456    14.08205091    14.70727953    16.87332114    17.29283400    19.37192459    20.31326368    20.65324789    21.19897754
    0.78553     -8.00013785    -7.39435540    -4.08016518    -2.57960461     0.96289380     3.11770310     8.03928974     8.54810120     8.56016804     9.07794657    14.00268380    14.47927946    14.77687042    15.56789801    16.15440445    16.63701226    19.49629437    20.70954367    20.85287834    21.02986335
    0.82883     -8.18556912    -7.18422790    -4.32093638    -2.42940062     1.13733817     4.09159345     7.41953471     7.89561644     8.04953191     8.51947070    14.43137893    14.99789968    15.47556237    15.51498142    15.71369368    16.72484181    19.51715432    19.65633133    21.51180946    21.54152856
    0.89378     -8.59851230    -6.78241397    -4.43836507    -2.15163576     1.46044880     5.60666294     6.53288137     7.02516453     7.32922199     7.75280811    14.28082804    14.82931285    15.38126111    15.72596583    16.48570788    17.62002754    17.88821189    19.83356178    22.14244272    22.47772584
    0.95873     -9.12646782    -6.27822419    -4.28529126    -1.82251368     1.84149761     5.71822520     5.96005350     6.67982205     7.09922614     7.48416379    13.45886848    13.99588638    15.28874000    16.39718863    16.45128662    17.43426354    18.17656855    19.90739502    22.24216794    23.54765630
    1.02367     -9.69403568    -5.67404031    -3.92603192    -1.46071387     2.24920585     4.98746331     5.26427193     6.13844084     6.58656008     9.05925093    12.65485847    13.35125086    13.63954827    16.97549688    16.98706443    17.01664738    18.33638608    20.50254860    22.20027733    23.41252731
    1.08862    -10.24310738    -4.97319433    -3.41777784    -1.09205760     2.62707968     4.34712378     4.61293056     5.75050549     6.24380265    10.29322744    11.60328946    12.27033111    13.21186222    15.57671834    17.24945428    17.69120539    19.22098212    20.77817523    21.17646744    23.26692185
    1.15357    -10.73860860    -4.18059210    -2.80278518    -0.74826999     2.89095386     3.80113376     4.04623949     5.56053723     6.10090744    10.05824721    10.47492482    11.63298604    13.71195815    14.74476155    16.68866500    18.33935948    20.11152341    20.30876266    21.55205133    21.85289247
    1.21852    -11.16045217    -3.30417996    -2.11815215    -0.46062576     2.98139885     3.35198834     3.56691616     5.51018676     6.18127993     8.65474582     9.94888174    11.22716081    12.84611527    15.40285148    16.26639374    18.45024308    20.57048472    20.72043560    21.03259755    22.52326970
    1.28347    -11.49696995    -2.35888825    -1.40807299    -0.24894800     2.93559948     3.00131684     3.17191775     5.23625283     6.48609384     7.76710638     9.18697310    11.00000069    12.04563404    13.97231680    17.45402593    18.28014584    20.92372792    21.45152933    21.97331620    23.14955606
    1.34841    -11.74124611    -1.37942758    -0.73948521    -0.11425593     2.75018407     2.83202331     2.85868651     4.42034304     6.97232443     7.60363415     8.40968711    10.96274863    11.53160179    12.64804873    16.25184083    20.36155918    21.75690693    22.23302542    22.92379963    23.66584977
    1.41336    -11.88922878    -0.47271762    -0.22380859    -0.04345066     2.59925934     2.63240999     2.69917140     3.50672377     7.50918799     7.71834055     7.82442632    11.07578350    11.25277211    11.60604319    15.32227157    22.25524191    22.64930053    22.87605043    23.83058578    24.05105622
    1.47831    -11.93877949    -0.02186393    -0.02186382    -0.01709571     2.54205370     2.54891176     2.54891180     3.13717788     7.60519520     7.78115011     7.78115011    11.16136030    11.16614035    11.16614041    14.95529368    23.13927753    23.13927754    23.17093839    24.39680901    24.39680901
    1.53134    -11.90573958    -0.37344368    -0.07630418    -0.07630407     2.58104956     2.62875778     2.62875781     3.39111478     7.66491697     7.66491697     7.75259908    11.01577102    11.38918906    11.38918911    15.20209579    22.67976238    22.77649529    22.77649532    24.09858224    24.09858225
    1.58437    -11.80697129    -1.15604048    -0.21745195    -0.21745184     2.49778982     2.83710152     2.83710156     4.08530759     7.40825141     7.40825141     8.15507878    10.69517775    11.97328697    11.97328701    15.84254014    21.69519546    21.72192147    21.72192151    23.95454834    23.95454837
    1.63740    -11.64361022    -2.07010055    -0.40181531    -0.40181520     2.32226854     3.10176030     3.10176035     4.93732463     7.17053546     7.17053547     8.65773773    10.45815619    12.77982794    12.77982798    16.70659994    20.39747781    20.39747785    20.60744848    23.97787783    23.97787786
    1.69043    -11.41786359    -3.00609502    -0.59394505    -0.59394495     2.12158706     3.33934133     3.33934138     5.81501526     7.07881398     7.07881400     8.88368515    10.71932470    13.70625043    13.70625046    17.58545716    19.04711159    19.04711163    19.64532878    24.05414403    24.05414407
    1.74346    -11.13367247    -3.91942586    -0.77241339    -0.77241329     1.92801984     3.48116405     3.48116412     6.66956041     7.21832081     7.21832084     8.74588877    11.56476432    14.62348562    14.62348565    17.67332893    17.83044121    17.83044124    19.62455954    24.13860708    24.13860712
    1.79649    -10.79820509    -4.78393483    -0.92564269    -0.92564259     1.75842470     3.51018750     3.51018758     7.41038329     7.61218790     7.61218794     8.62521401    12.63342267    15.03305872    15.03305873    16.86997912    17.25259234    17.25259234    20.68786810    24.18457055    24.18457058
    1.84952    -10.42542278    -5.57535097    -1.04773190    -1.04773180     1.62174310     3.46438515     3.46438523     7.72201011     8.22383454     8.22383459     8.96536456    13.55755070    14.31400189    14.31400193    16.21870553    17.93360393    17.93360396    21.99500525    24.10701405    24.10701409
    1.90255    -10.04512314    -6.25781878    -1.13587397    -1.13587387     1.52263455     3.39553433     3.39553442     7.67031877     8.99852341     8.99852345     9.73092173    13.21773568    13.21773573    13.61222338    16.55134529    19.11601533    19.11601537    22.65777524    23.47936801    23.74676959
    1.95558     -9.72443420    -6.76061511    -1.18887531    -1.18887521     1.46342682     3.34115611     3.34115619     7.58774689     9.88330085     9.88330089    10.55564492    12.11355765    12.11355770    12.95355101    17.75280946    20.42180901    20.42180905    21.05041385    22.94903924    22.94903928
    2.00861     -9.58868577    -6.95647380    -1.20630890    -1.20630880     1.44517649     3.32134063     3.32134071     7.55622071    10.62459992    10.62459995    11.04659991    11.30020150    11.30020157    12.48246687    18.98083459    19.71226762    21.68287045    21.68287049    21.84280913    21.84280917
    2.04611     -9.57223404    -6.94745123    -1.35819870    -1.23663335     1.58341716     3.29254727     3.38477089     7.63349475    10.10305602    10.43045204    11.14476972    11.51531664    11.62151917    12.65409771    18.96274907    19.67647012    21.43421264    21.49042153    21.97839903    22.03002880
    2.08361     -9.52296860    -6.92131100    -1.73444509    -1.32210180     1.88893487     3.25271145     3.56951957     7.82338221     9.42867744    10.10906289    10.98936925    11.89862439    12.22737859    13.11145807    18.89655243    19.56286190    21.17880487    21.19834779    22.07077528    22.07969709
    2.12110     -9.44117556    -6.88107686    -2.21372370    -1.44914526     2.12305318     3.35801656     3.86167219     7.94843355     8.89074400     9.78177698    10.88500307    12.32671706    12.73924271    13.77582309    18.73909975    19.39441057    20.82888062    21.07398821    21.88454574    21.93333508
    2.15860     -9.32739337    -6.83266759    -2.72188165    -1.60156289     2.11687112     3.74516058     4.24435316     7.63901851     8.76012157     9.47163258    10.95462103    12.77305024    13.18108988    14.55410948    18.43515180    19.25342641    20.38262253    20.97479349    21.54905870    21.60060197
    2.19610     -9.18254048    -6.78644014    -3.21559312    -1.76467426     1.96244275     4.31540639     4.70166233     7.05695924     8.77696485     9.18591190    11.29045544    13.22542131    13.58300976    15.38197504    18.01195023    19.15106577    19.75199235    20.56909804    21.28092315    21.48115476
    2.23360     -9.00820354    -6.75943205    -3.66038185    -1.92690240     1.76621397     4.95530982     5.21974469     6.44937905     8.70329265     8.92887140    11.88176203    13.67356767    13.94718572    16.22689325    17.53885444    18.94495537    18.98177214    20.03004705    21.09500447    21.65228883
    2.27109     -8.80734683    -6.77645167    -4.02004130    -2.07972706     1.57171067     5.48910523     5.78537598     6.00151213     8.55581438     8.70550217    12.65103985    14.10662776    14.26076071    16.96646126    17.15684817    18.04419381    18.55321836    19.73670733    21.03894804    21.90673655
    2.30859     -8.58632122    -6.86294158    -4.25818718    -2.21706750     1.39702132     5.14607228     6.38099860     6.48143246     8.37447034     8.52646400    13.52868384    14.50439224    14.51203170    16.55918831    17.11219166    17.72696093    18.10522525    19.69187459    21.09712514    22.19546816
    2.34609     -8.36165440    -7.02007016    -4.35487336    -2.33463188     1.25078921     4.60927272     6.96704596     7.20292225     8.18331789     8.42517121    14.35728552    14.75107143    14.86937264    16.09331446    16.19208840    17.20800211    18.78841837    19.71020177    21.26467734    22.39517418
    2.38359     -8.18556912    -7.18422790    -4.32093638    -2.42940062     1.13733817     4.09159345     7.41953471     7.89561644     8.04953191     8.51947070    14.43137893    14.99789968    15.47556237    15.51498142    15.71369368    16.72484181    19.51715432    19.65633133    21.51180946    21.54152856
    2.42689     -8.16239670    -7.19327950    -4.30227230    -2.57040815     1.34838505     4.10703393     6.98351614     7.45983821     8.32956579     9.11273152    13.96346291    15.06434741    15.20911856    15.85851897    15.98239359    16.92267912    19.41489122    19.51502827    20.96499386    21.74492823
    2.47019     -8.09293872    -7.22482321    -4.24655327    -2.90683180     1.89836870     4.15165463     6.38550663     6.70751756     8.92187260     9.85902149    13.31221852    14.50300737    15.38339229    16.25392557    16.59744311    17.37147443    18.92143639    19.50843658    20.20414241    22.16710546
    2.51348     -7.97737619    -7.29162772    -4.15462734    -3.29483911     2.65207705     4.21819088     5.80242988     5.97916449     9.49977080    10.49560726    12.77134496    13.93139209    15.61512197    16.52088730    17.40977438    17.80772708    18.50863113    19.46993180    19.50131897    21.58248034
    2.55678     -7.81602503    -7.41226541    -4.02800636    -3.63508589     3.51051910     4.28023209     5.27804717     5.30695380    10.03845907    10.77197870    12.58057310    13.38466964    15.93997910    16.64783881    17.89558111    18.19663499    18.66404415    18.80007292    19.51597034    20.53412903
    2.60008     -7.61108055    -7.60184835    -3.87127604    -3.86885603     4.20455824     4.22699991     4.91921660     4.93687352    10.50669065    10.52957923    12.87501260    12.89637395    16.34720797    16.38340065    18.18648172    18.21306738    18.78836921    18.81460004    19.66206161    19.71476890
    2.66132     -7.62902069    -7.62034554    -3.79279387    -3.79112230     3.36456944     3.37496407     5.84089448     5.87570253    10.50311825    10.52543067    12.84236509    12.86140889    16.42687785    16.46338817    17.75529183    17.78307859    18.27027002    18.31295915    20.62793250    20.71987883
    2.72255     -7.67390996    -7.66563389    -3.57532773    -3.57408984     2.35964273     2.37011090     7.10028646     7.13783621    10.50092126    10.52208535    12.76703255    12.78400855    16.03830054    16.04915649    17.12323602    17.14277727    18.49230581    18.53312613    21.59159333    21.65282830
    2.78378     -7.72624027    -7.71819262    -3.27261233    -3.27164702     1.49788575     1.50874368     8.38841020     8.42651935    10.52029466    10.53941535    12.68350031    12.69907291    14.71221195    14.73366779    17.58532519    17.61843669    18.85181545    18.89410326    21.38141652    21.38757698
    2.84502     -7.76640715    -7.75844850    -2.98347900    -2.98279146     0.87774345     0.88926704     9.52877657     9.55639333    10.65884557    10.67380819    12.62162239    12.63636910    13.38487299    13.40219666    18.26528629    18.29558934    19.30354652    19.34242969    20.63569359    20.64422462
    2.90625     -7.78140780    -7.77343364    -2.85660417    -2.85598999     0.64104723     0.65308906     9.96887555     9.97193914    10.99620924    11.01266741    12.59717555    12.59955615    12.60103426    12.62383911    18.73185872    18.74328765    19.59583722    19.60399326    20.17766763    20.18524532
