 Total Energy   -250.268590881225     
 Harris Energy  -250.268590881225     
 Ion-Ion                      -265.903279470482     
 Local Potential              -145.355532036015     
 Ion Local Potential          -81.6940923234282     
 Hartree Energy                17.4685622863872     
 Exchange-Correlation Energy  -75.6160104601256     
 Exchange Energy              -63.8217790316929     
 Correlation Energy           -11.7942314284327     
 Sum of eigenvalues            10.1206970504091     
 Fermi energy                 0.239192147242744     
 Eigenvalues
   k     n          esp(n,k,s)    esp_err   occ(n,k,s)  
   1     1  -0.217237735257016 -0.98732E-12   2.0000    
   1     2  -0.177652586441907 -0.11457E-11   2.0000    
   1     3  -0.177264123069204 -0.75462E-11   2.0000    
   1     4  -0.176498009151443 -0.27495E-12   2.0000    
   1     5  -0.176495861422496 -0.52153E-12   2.0000    
   1     6  -0.176155703021659  0.19739E-11   2.0000    
   1     7  -0.173292481247373  0.33993E-11   2.0000    
   1     8  -0.143113604093242  0.49198E-11   2.0000    
   1     9  -0.142050910302751 -0.16054E-11   2.0000    
   1    10  -0.142045815090423 -0.28729E-11   2.0000    
   1    11  -0.140825492712394 -0.71464E-11   2.0000    
   1    12  -0.140477517352684 -0.75912E-11   2.0000    
   1    13  -0.140019143338189 -0.20856E-11   2.0000    
   1    14  -0.140003767783580 -0.36421E-11   2.0000    
   1    15  -0.139817660505383  0.79453E-12   2.0000    
   1    16  -0.139328117620401  0.17021E-11   2.0000    
   1    17  -0.137645846682563 -0.52169E-12   2.0000    
   1    18  -0.137631865171898 -0.23616E-11   2.0000    
   1    19  -0.134526566661035 -0.12974E-10   2.0000    
   1    20  -0.128021925771561  0.34404E-11   2.0000    
   1    21  -0.128000474386627  0.32716E-11   2.0000    
   1    22  -0.125522892564761 -0.19865E-12   2.0000    
   1    23  -0.109710380798959  0.18973E-10   2.0000    
   1    24  -0.062045973928462 -0.32311E-11   2.0000    
   1    25  -0.061969623330578  0.19294E-11   2.0000    
   1    26  -0.061651259981277  0.53287E-12   2.0000    
   1    27  -0.061640281622331 -0.34283E-11   2.0000    
   1    28  -0.061010864192704 -0.73299E-11   2.0000    
   1    29  -0.060815336444470 -0.10570E-10   2.0000    
   1    30  -0.056475839382974  0.91412E-12   2.0000    
   1    31  -0.056432289948818  0.11387E-11   2.0000    
   1    32  -0.056325817001448 -0.23051E-11   2.0000    
   1    33  -0.054569314092081 -0.24117E-11   2.0000    
   1    34  -0.053882045738123 -0.64472E-11   2.0000    
   1    35  -0.052893780232807 -0.52728E-11   2.0000    
   1    36  -0.052876517741746 -0.51468E-11   2.0000    
   1    37  -0.052633172447320 -0.17093E-11   2.0000    
   1    38  -0.050144570011316  0.14365E-10   2.0000    
   1    39  -0.049570261516059  0.45383E-11   2.0000    
   1    40  -0.049538212723021  0.43753E-11   2.0000    
   1    41  -0.035715742291148  0.28424E-11   2.0000    
   1    42  -0.034357416793128 -0.31368E-12   2.0000    
   1    43  -0.031131577473014 -0.42883E-12   2.0000    
   1    44  -0.031084642276603 -0.40926E-12   2.0000    
   1    45  -0.014379030881458  0.39069E-11   2.0000    
   1    46   0.024933393155633 -0.61481E-11   2.0000    
   1    47   0.024997442718683 -0.18642E-11   2.0000    
   1    48   0.025093473242920 -0.10058E-11   2.0000    
   1    49   0.025108703305649 -0.15928E-11   2.0000    
   1    50   0.025335990638965 -0.23426E-12   2.0000    
   1    51   0.026153017570524  0.62119E-12   2.0000    
   1    52   0.026189993433829  0.32268E-12   2.0000    
   1    53   0.026341615132580 -0.18046E-11   2.0000    
   1    54   0.028639388292394  0.13368E-11   2.0000    
   1    55   0.030132672505835  0.13536E-11   2.0000    
   1    56   0.030149878206414  0.18676E-11   2.0000    
   1    57   0.061817987694029  0.43578E-11   2.0000    
   1    58   0.078349358045950 -0.24771E-11   2.0000    
   1    59   0.078356756609473 -0.17085E-11   2.0000    
   1    60   0.078646219015416 -0.10659E-11   2.0000    
   1    61   0.078667889453349  0.72163E-11   2.0000    
   1    62   0.079214971155610  0.16789E-11   2.0000    
   1    63   0.080804681831915 -0.47416E-12   2.0000    
   1    64   0.080811166003681  0.64336E-12   2.0000    
   1    65   0.081938370483502 -0.43624E-11   2.0000    
   1    66   0.082345062648005 -0.42203E-11   2.0000    
   1    67   0.082688109716066  0.31552E-11   2.0000    
   1    68   0.082690365906264  0.31321E-11   2.0000    
   1    69   0.083037057580984 -0.21775E-11   2.0000    
   1    70   0.084538681394183 -0.17316E-11   2.0000    
   1    71   0.084538794702546 -0.16424E-11   2.0000    
   1    72   0.085290854746719 -0.46955E-11   2.0000    
   1    73   0.085843184795166 -0.59028E-12   2.0000    
   1    74   0.086053609928426  0.31172E-12   2.0000    
   1    75   0.086367572696858 -0.58837E-11   2.0000    
   1    76   0.086372069431832 -0.67078E-11   2.0000    
   1    77   0.086660828730067  0.78382E-13   2.0000    
   1    78   0.087402677295388 -0.46224E-12   2.0000    
   1    79   0.090928950090384  0.29260E-11   2.0000    
   1    80   0.092103884360629 -0.11783E-11   2.0000    
   1    81   0.092123472369203 -0.19844E-11   2.0000    
   1    82   0.098960146203703  0.48557E-12   2.0000    
   1    83   0.100087070393710 -0.68469E-12   2.0000    
   1    84   0.104390965858009 -0.35323E-11   2.0000    
   1    85   0.104549940117389 -0.49447E-11   2.0000    
   1    86   0.104566002162629 -0.53884E-11   2.0000    
   1    87   0.120163334478315  0.83664E-12   2.0000    
   1    88   0.120187855623626  0.99810E-12   2.0000    
   1    89   0.120375442648968 -0.62422E-13   2.0000    
   1    90   0.126752273074516 -0.90106E-12   2.0000    
   1    91   0.127226676867863  0.12518E-11   2.0000    
   1    92   0.127240456188908  0.16166E-11   2.0000    
   1    93   0.138409267126152  0.13912E-10   2.0000    
   1    94   0.155290641970521 -0.41634E-11   2.0000    
   1    95   0.155631412014492 -0.79586E-12   2.0000    
   1    96   0.155685127766626 -0.23928E-11   2.0000    
   1    97   0.155778469786387 -0.20612E-11   2.0000    
   1    98   0.155780940027750 -0.14766E-11   2.0000    
   1    99   0.155847351615594 -0.50647E-11   2.0000    
   1   100   0.157854728740498 -0.18963E-12   2.0000    
   1   101   0.157862446431635 -0.29574E-12   2.0000    
   1   102   0.160614881928409  0.33698E-11   2.0000    
   1   103   0.161562303899855  0.15384E-11   2.0000    
   1   104   0.161592343364082  0.18098E-11   2.0000    
   1   105   0.161897578577753  0.83895E-11   2.0000    
   1   106   0.174985490959009  0.63258E-12   2.0000    
   1   107   0.176668610124909 -0.61323E-12   2.0000    
   1   108   0.177617583549216  0.23034E-11   2.0000    
   1   109   0.177655610473706  0.42713E-11   2.0000    
   1   110   0.177740988767849 -0.19503E-11   2.0000    
   1   111   0.179586484726278 -0.13030E-11   2.0000    
   1   112   0.179610066640935  0.24012E-11   2.0000    
   1   113   0.179676978946000 -0.11305E-10   2.0000    
   1   114   0.179690895885349 -0.10399E-10   2.0000    
   1   115   0.181194844990571 -0.36383E-11   2.0000    
   1   116   0.181207366944786 -0.33552E-11   2.0000    
   1   117   0.181863886148534 -0.14992E-10   2.0000    
   1   118   0.182852751021354 -0.18794E-11   2.0000    
   1   119   0.185284673053135  0.68310E-11   2.0000    
   1   120   0.185311064899222 -0.72894E-12   2.0000    
   1   121   0.185326964838434  0.72142E-11   2.0000    
   1   122   0.185410724254230  0.10568E-11   2.0000    
   1   123   0.206693406100718  0.16954E-10   2.0000    
   1   124   0.215239852626308  0.38002E-11   2.0000    
   1   125   0.215330789861725  0.37050E-11   2.0000    
   1   126   0.236905739134262  0.49296E-11   2.0000    
   1   127   0.244613377650447  0.59441E-12   0.0000    
   1   128   0.246873626234402  0.33920E-11   0.0000    
   1   129   0.246902125529573  0.30311E-11   0.0000    
   1   130   0.248525489244145 -0.36038E-12   0.0000    
   1   131   0.250245881019606  0.10492E-13   0.0000    
   1   132   0.251551811020513 -0.17790E-11   0.0000    
   1   133   0.258896922059402  0.31012E-11   0.0000    
   1   134   0.258921402468890  0.34066E-11   0.0000    
   1   135   0.264800973308723 -0.44831E-12   0.0000    
   1   136   0.265433587762852 -0.17298E-11   0.0000    
   1   137   0.268001533178240  0.24420E-11   0.0000    
   1   138   0.268168671298544 -0.17059E-11   0.0000    
   1   139   0.269007106854567  0.26628E-11   0.0000    
   1   140   0.269007335202948  0.26291E-11   0.0000    
   1   141   0.281102383127059 -0.17429E-11   0.0000    
   1   142   0.284927584038969 -0.80380E-12   0.0000    
   1   143   0.284934651277030 -0.14166E-11   0.0000    
   1   144   0.289790343605114 -0.38341E-11   0.0000    
   1   145   0.309791654056137  0.38899E-11   0.0000    
   1   146   0.312204495423673 -0.23759E-12   0.0000    
   1   147   0.314239302798442  0.39829E-12   0.0000    
   1   148   0.314284395687602 -0.56477E-12   0.0000    
   1   149   0.315761059334246 -0.25069E-11   0.0000    
   1   150   0.315995205681777 -0.11813E-11   0.0000    
   1   151   0.315996304063182 -0.98643E-12   0.0000    
   1   152   0.316471086614112 -0.26770E-11   0.0000    
   1   153   0.317140663582905 -0.33984E-11   0.0000    
   1   154   0.317153760317100 -0.37351E-11   0.0000    
   1   155   0.317402865536084 -0.29687E-11   0.0000    
   1   156   0.320431380476095  0.40166E-11   0.0000    
   1   157   0.323013283109875  0.41056E-12   0.0000    
   1   158   0.325142499365255  0.23254E-12   0.0000    
   1   159   0.325193915301606  0.16792E-12   0.0000    
   1   160   0.336067830803467  0.20129E-11   0.0000    
   1   161   0.340071179464933 -0.32544E-11   0.0000    
   1   162   0.340472840211868 -0.20690E-11   0.0000    
   1   163   0.340691642995261 -0.12381E-11   0.0000    
   1   164   0.340694552535194 -0.65092E-12   0.0000    
   1   165   0.342941449621258 -0.31909E-11   0.0000    
   1   166   0.347938161664371 -0.19429E-12   0.0000    
   1   167   0.347993687966380 -0.11263E-12   0.0000    
   1   168   0.349103892982648 -0.12391E-11   0.0000    
   1   169   0.349355895409190  0.66047E-12   0.0000    
   1   170   0.351690007932107 -0.61106E-11   0.0000    
   1   171   0.352544157352854 -0.18123E-11   0.0000    
   1   172   0.352587978270901 -0.20993E-11   0.0000    
   1   173   0.353363646607154 -0.29942E-11   0.0000    
   1   174   0.355658626720243  0.15536E-11   0.0000    
   1   175   0.379536942902265  0.40656E-11   0.0000    
   1   176   0.379827927280464 -0.30997E-11   0.0000    
   1   177   0.379926832791512 -0.87402E-12   0.0000    
   1   178   0.381218363597585 -0.81712E-13   0.0000    
   1   179   0.381239862583702 -0.20872E-13   0.0000    
   1   180   0.382861424645163  0.16615E-11   0.0000    
   1   181   0.384304164293531 -0.52118E-11   0.0000    
   1   182   0.384349004416318 -0.63262E-11   0.0000    
   1   183   0.385788383925526 -0.52823E-11   0.0000    
   1   184   0.386604529686435  0.15723E-11   0.0000    
   1   185   0.386643256623873  0.12872E-11   0.0000    
   1   186   0.387447387499672 -0.51131E-12   0.0000    
   1   187   0.402028931507260 -0.66443E-08   0.0000    
   1   188   0.402033746416805 -0.85998E-08   0.0000    
   1   189   0.402456972526116 -0.14293E-07   0.0000    
   1   190   0.403207226206200 -0.53748E-06   0.0000    
   1   191   0.403263435307852 -0.21904E-07   0.0000    
   1   192   0.403283806870317 -0.12902E-06   0.0000    
