AX  20.32
A1   1.000000000000000   0.000000000000000   0.000000000000000
A2   0.000000000000000   1.000000000000000   0.000000000000000
A3   0.000000000000000   0.000000000000000   1.000000000000000
AA
           1          63          14  /
     1      0.001504822043      0.248902522509     -0.002650587167   1
     1      0.248890685941      0.001505992229     -0.002652485564   1
     1      0.011406536978      0.011408094278      0.253341740531   1
     1      0.141329845886      0.358670655080      0.119771159965   1
     1      0.358677761801      0.141323216462      0.119765913956   1
     1      0.141328247504      0.141327618272      0.380229340062   1
     1      0.358675057826      0.358673834443      0.380232550565   1
     1      0.750004217044      0.250000223478      0.249998253905   1
     1      0.498494762921      0.251107418125     -0.002653469075   1
     1      0.751423248151      0.000226249263      0.002968648840   1
     1      0.488595317639      0.011405217404      0.246661198499   1
     1      0.621734603839      0.373792294343      0.126682390195   1
     1      0.878264110846      0.126212124792      0.126684406598   1
     1      0.621733899282      0.126208688914      0.373320801065   1
     1      0.878263505342      0.373788965563      0.373313228275   1
     1      0.249997679452      0.749997602051      0.249997980930   1
     1      0.000224980388      0.751418808428      0.002970202816   1
     1      0.251095901031      0.498495397701     -0.002651863101   1
     1      0.011408749440      0.488591138792      0.246653953893   1
     1      0.126208431618      0.878263632010      0.126684691724   1
     1      0.373789207400      0.621733588943      0.126682170341   1
     1      0.126210596595      0.621735667275      0.373313828074   1
     1      0.373791505812      0.878265874309      0.373320378567   1
     1      0.749998929686      0.750001058401      0.249999455632   1
     1      0.499774017243      0.748578404681      0.002968316063   1
     1      0.748583040727      0.499774345932      0.002970036732   1
     1      0.488593096344      0.488593916616      0.253339895504   1
     1      0.621167633674      0.878832858236      0.126261929356   1
     1      0.878834614519      0.621165216802      0.126262379954   1
     1      0.621165796720      0.621168001870      0.373738657775   1
     1      0.878832254237      0.878835037919      0.373736715267   1
     1      0.249997762211      0.250001379800      0.750000202130   1
     1      0.001505971119      0.251102799322      0.502648983594   1
     1      0.251099263363      0.001504772730      0.502652867614   1
     1     -0.002490214486     -0.002488649097      0.747119154675   1
     1      0.122606906190      0.377393458077      0.629449748579   1
     1      0.377397665883      0.122603213760      0.629447030142   1
     1      0.122603399913      0.122608567296      0.870551834465   1
     1      0.377394087153      0.377398757944      0.870553527687   1
     1      0.749997694143      0.249996294999      0.749999353071   1
     1      0.498496013596      0.248897670701      0.502653549000   1
     1      0.748581568196      0.000225841849      0.497030172090   1
     1      0.502489554798     -0.002488848760      0.752878359229   1
     1      0.626731750529      0.376146970512      0.623326505869   1
     1      0.873266289525      0.123854544731      0.623325613165   1
     1      0.626731708734      0.123853811408      0.876674426185   1
     1      0.873266182623      0.376146095691      0.876675974188   1
     1      0.250001524381      0.750001582884      0.749998668761   1
     1      0.000225367560      0.748579555199      0.497029454318   1
     1      0.248893903429      0.498494279003      0.502649969688   1
     1     -0.002488916566      0.502488944844      0.752883369292   1
     1      0.123854070324      0.873266989430      0.623327525589   1
     1      0.376147187177      0.626731981731      0.623324714302   1
     1      0.123854215548      0.626734095628      0.876675220644   1
     1      0.376147289835      0.873269062207      0.876674985335   1
     1      0.750001402524      0.749999769067      0.750000316449   1
     1      0.499774465376      0.751420092260      0.497030786940   1
     1      0.751422050882      0.499773989989      0.497029867078   1
     1      0.502488420101      0.502489255895      0.747119554262   1
     1      0.625502021527      0.874497950537      0.623900341773   1
     1      0.874494570796      0.625504653660      0.623902302820   1
     1      0.625501657859      0.625503373796      0.876100278026   1
     1      0.874494357529      0.874496742904      0.876099379024   1
