AX  20.320000000000000
A1   1.000000000000000   0.000000000000000   0.000000000000000
A2   0.000000000000000   1.000000000000000   0.000000000000000
A3   0.000000000000000   0.000000000000000   1.000000000000000
AA
           1          63          14  /
     1      0.002918577230      0.248817455233     -0.002049959091   1
     1      0.248840916424      0.002873639124     -0.002067996321   1
     1      0.015356148806      0.015362896430      0.254233790880   1
     1      0.150927827144      0.349090455026      0.121557672961   1
     1      0.349164657694      0.150845006143      0.121565058002   1
     1      0.150868458567      0.150834056821      0.378464632818   1
     1      0.349171917923      0.349128950692      0.378473716528   1
     1      0.749994175846      0.250018437838      0.250031033269   1
     1      0.497124349091      0.251164303798     -0.002081097826   1
     1      0.751640323734      0.000112610111      0.003464248360   1
     1      0.484657294331      0.015330087472      0.245786119655   1
     1      0.620905016118      0.373745183422      0.126956458982   1
     1      0.879098982424      0.126325583236      0.126979198087   1
     1      0.620926828051      0.126294534608      0.373008707182   1
     1      0.879099778413      0.373719766117      0.372996755416   1
     1      0.249947619736      0.749984772008      0.250016289331   1
     1      0.000127988768      0.751633240992      0.003454738601   1
     1      0.251184702299      0.497089811292     -0.002065309281   1
     1      0.015374422507      0.484610593152      0.245789384118   1
     1      0.126255203673      0.879086186133      0.126968772859   1
     1      0.373668389205      0.620906674549      0.126973739785   1
     1      0.126264275550      0.620891204142      0.373004088820   1
     1      0.373693901438      0.879075706439      0.373003132129   1
     1      0.749996467914      0.750001030709      0.250031571126   1
     1      0.499896515580      0.748341047277      0.003483931762   1
     1      0.748341925239      0.499877381825      0.003469609226   1
     1      0.484629466346      0.484639380600      0.254231595861   1
     1      0.619604877113      0.880409590957      0.126574755767   1
     1      0.880451337191      0.619557991957      0.126564808295   1
     1      0.619551562498      0.619545961987      0.373469370899   1
     1      0.880468968521      0.880452835647      0.373491106936   1
     1      0.249954646015      0.250023937818      0.750061329592   1
     1      0.002892774444      0.251157575326      0.502107937727   1
     1      0.251199044264      0.002888745461      0.502118184004   1
     1     -0.003014234826     -0.003037813211      0.746693480116   1
     1      0.122006157026      0.377984608088      0.630192135842   1
     1      0.377925909768      0.122068492217      0.630178787397   1
     1      0.122020206268      0.122041150882      0.869807412516   1
     1      0.377940450281      0.377968771026      0.869813226948   1
     1      0.749974350048      0.250003396712      0.750008757662   1
     1      0.497119831190      0.248806283050      0.502131188550   1
     1      0.748348984389      0.000138755237      0.496595594710   1
     1      0.503034922322     -0.003018584685      0.753329333146   1
     1      0.626537894620      0.376279572840      0.622524935522   1
     1      0.873472387736      0.123717997424      0.622533789580   1
     1      0.626536855548      0.123698264399      0.877469437079   1
     1      0.873506333013      0.376325586233      0.877501949308   1
     1      0.250026770435      0.750013883681      0.750043059612   1
     1      0.000144511090      0.748345485581      0.496622790874   1
     1      0.248850223119      0.497105926682      0.502119659327   1
     1     -0.003012934292      0.503029310474      0.753323258075   1
     1      0.123737927900      0.873470550797      0.622529911595   1
     1      0.376301937517      0.626538385951      0.622530146894   1
     1      0.123721799932      0.626535983985      0.877480293584   1
     1      0.376349693982      0.873502246888      0.877494159925   1
     1      0.749996644389      0.749996732188      0.750032433397   1
     1      0.499861042791      0.751645992043      0.496581946273   1
     1      0.751636795754      0.499858230404      0.496604110825   1
     1      0.503028784217      0.503002891179      0.746690956128   1
     1      0.625701160404      0.874314843066      0.623727336018   1
     1      0.874325062318      0.625684054626      0.623742157484   1
     1      0.625706901552      0.625664771839      0.876237301027   1
     1      0.874336395733      0.874290067243      0.876242980848   1
