   1   216  14 /
   1   0.0000000000   0.0000000000   0.0000000000   1
   1   0.0833333333   0.0833333333   0.0833333333   1
   1   0.1666666667   0.0000000000   0.1666666667   1
   1   0.0000000000   0.1666666667   0.1666666667   1
   1   0.1666666667   0.1666666667   0.0000000000   1
   1   0.2500000000   0.0833333333   0.2500000000   1
   1   0.0833333333   0.2500000000   0.2500000000   1
   1   0.2500000000   0.2500000000   0.0833333333   1
   1   0.3333333333   0.0000000000   0.0000000000   1
   1   0.4166666667   0.0833333333   0.0833333333   1
   1   0.5000000000   0.0000000000   0.1666666667   1
   1   0.3333333333   0.1666666667   0.1666666667   1
   1   0.5000000000   0.1666666667   0.0000000000   1
   1   0.5833333333   0.0833333333   0.2500000000   1
   1   0.4166666667   0.2500000000   0.2500000000   1
   1   0.5833333333   0.2500000000   0.0833333333   1
   1   0.6666666667   0.0000000000   0.0000000000   1
   1   0.7500000000   0.0833333333   0.0833333333   1
   1   0.8333333333   0.0000000000   0.1666666667   1
   1   0.6666666667   0.1666666667   0.1666666667   1
   1   0.8333333333   0.1666666667   0.0000000000   1
   1   0.9166666667   0.0833333333   0.2500000000   1
   1   0.7500000000   0.2500000000   0.2500000000   1
   1   0.9166666667   0.2500000000   0.0833333333   1
   1   0.0000000000   0.3333333333   0.0000000000   1
   1   0.0833333333   0.4166666667   0.0833333333   1
   1   0.1666666667   0.3333333333   0.1666666667   1
   1   0.0000000000   0.5000000000   0.1666666667   1
   1   0.1666666667   0.5000000000   0.0000000000   1
   1   0.2500000000   0.4166666667   0.2500000000   1
   1   0.0833333333   0.5833333333   0.2500000000   1
   1   0.2500000000   0.5833333333   0.0833333333   1
   1   0.3333333333   0.3333333333   0.0000000000   1
   1   0.4166666667   0.4166666667   0.0833333333   1
   1   0.5000000000   0.3333333333   0.1666666667   1
   1   0.3333333333   0.5000000000   0.1666666667   1
   1   0.5000000000   0.5000000000   0.0000000000   1
   1   0.5833333333   0.4166666667   0.2500000000   1
   1   0.4166666667   0.5833333333   0.2500000000   1
   1   0.5833333333   0.5833333333   0.0833333333   1
   1   0.6666666667   0.3333333333   0.0000000000   1
   1   0.7500000000   0.4166666667   0.0833333333   1
   1   0.8333333333   0.3333333333   0.1666666667   1
   1   0.6666666667   0.5000000000   0.1666666667   1
   1   0.8333333333   0.5000000000   0.0000000000   1
   1   0.9166666667   0.4166666667   0.2500000000   1
   1   0.7500000000   0.5833333333   0.2500000000   1
   1   0.9166666667   0.5833333333   0.0833333333   1
   1   0.0000000000   0.6666666667   0.0000000000   1
   1   0.0833333333   0.7500000000   0.0833333333   1
   1   0.1666666667   0.6666666667   0.1666666667   1
   1   0.0000000000   0.8333333333   0.1666666667   1
   1   0.1666666667   0.8333333333   0.0000000000   1
   1   0.2500000000   0.7500000000   0.2500000000   1
   1   0.0833333333   0.9166666667   0.2500000000   1
   1   0.2500000000   0.9166666667   0.0833333333   1
   1   0.3333333333   0.6666666667   0.0000000000   1
   1   0.4166666667   0.7500000000   0.0833333333   1
   1   0.5000000000   0.6666666667   0.1666666667   1
   1   0.3333333333   0.8333333333   0.1666666667   1
   1   0.5000000000   0.8333333333   0.0000000000   1
   1   0.5833333333   0.7500000000   0.2500000000   1
   1   0.4166666667   0.9166666667   0.2500000000   1
   1   0.5833333333   0.9166666667   0.0833333333   1
   1   0.6666666667   0.6666666667   0.0000000000   1
   1   0.7500000000   0.7500000000   0.0833333333   1
   1   0.8333333333   0.6666666667   0.1666666667   1
   1   0.6666666667   0.8333333333   0.1666666667   1
   1   0.8333333333   0.8333333333   0.0000000000   1
   1   0.9166666667   0.7500000000   0.2500000000   1
   1   0.7500000000   0.9166666667   0.2500000000   1
   1   0.9166666667   0.9166666667   0.0833333333   1
   1   0.0000000000   0.0000000000   0.3333333333   1
   1   0.0833333333   0.0833333333   0.4166666667   1
   1   0.1666666667   0.0000000000   0.5000000000   1
   1   0.0000000000   0.1666666667   0.5000000000   1
   1   0.1666666667   0.1666666667   0.3333333333   1
   1   0.2500000000   0.0833333333   0.5833333333   1
   1   0.0833333333   0.2500000000   0.5833333333   1
   1   0.2500000000   0.2500000000   0.4166666667   1
   1   0.3333333333   0.0000000000   0.3333333333   1
   1   0.4166666667   0.0833333333   0.4166666667   1
   1   0.5000000000   0.0000000000   0.5000000000   1
   1   0.3333333333   0.1666666667   0.5000000000   1
   1   0.5000000000   0.1666666667   0.3333333333   1
   1   0.5833333333   0.0833333333   0.5833333333   1
   1   0.4166666667   0.2500000000   0.5833333333   1
   1   0.5833333333   0.2500000000   0.4166666667   1
   1   0.6666666667   0.0000000000   0.3333333333   1
   1   0.7500000000   0.0833333333   0.4166666667   1
   1   0.8333333333   0.0000000000   0.5000000000   1
   1   0.6666666667   0.1666666667   0.5000000000   1
   1   0.8333333333   0.1666666667   0.3333333333   1
   1   0.9166666667   0.0833333333   0.5833333333   1
   1   0.7500000000   0.2500000000   0.5833333333   1
   1   0.9166666667   0.2500000000   0.4166666667   1
   1   0.0000000000   0.3333333333   0.3333333333   1
   1   0.0833333333   0.4166666667   0.4166666667   1
   1   0.1666666667   0.3333333333   0.5000000000   1
   1   0.0000000000   0.5000000000   0.5000000000   1
   1   0.1666666667   0.5000000000   0.3333333333   1
   1   0.2500000000   0.4166666667   0.5833333333   1
   1   0.0833333333   0.5833333333   0.5833333333   1
   1   0.2500000000   0.5833333333   0.4166666667   1
   1   0.3333333333   0.3333333333   0.3333333333   1
   1   0.4166666667   0.4166666667   0.4166666667   1
   1   0.5000000000   0.3333333333   0.5000000000   1
   1   0.3333333333   0.5000000000   0.5000000000   1
   1   0.5000000000   0.5000000000   0.3333333333   1
   1   0.5833333333   0.4166666667   0.5833333333   1
   1   0.4166666667   0.5833333333   0.5833333333   1
   1   0.5833333333   0.5833333333   0.4166666667   1
   1   0.6666666667   0.3333333333   0.3333333333   1
   1   0.7500000000   0.4166666667   0.4166666667   1
   1   0.8333333333   0.3333333333   0.5000000000   1
   1   0.6666666667   0.5000000000   0.5000000000   1
   1   0.8333333333   0.5000000000   0.3333333333   1
   1   0.9166666667   0.4166666667   0.5833333333   1
   1   0.7500000000   0.5833333333   0.5833333333   1
   1   0.9166666667   0.5833333333   0.4166666667   1
   1   0.0000000000   0.6666666667   0.3333333333   1
   1   0.0833333333   0.7500000000   0.4166666667   1
   1   0.1666666667   0.6666666667   0.5000000000   1
   1   0.0000000000   0.8333333333   0.5000000000   1
   1   0.1666666667   0.8333333333   0.3333333333   1
   1   0.2500000000   0.7500000000   0.5833333333   1
   1   0.0833333333   0.9166666667   0.5833333333   1
   1   0.2500000000   0.9166666667   0.4166666667   1
   1   0.3333333333   0.6666666667   0.3333333333   1
   1   0.4166666667   0.7500000000   0.4166666667   1
   1   0.5000000000   0.6666666667   0.5000000000   1
   1   0.3333333333   0.8333333333   0.5000000000   1
   1   0.5000000000   0.8333333333   0.3333333333   1
   1   0.5833333333   0.7500000000   0.5833333333   1
   1   0.4166666667   0.9166666667   0.5833333333   1
   1   0.5833333333   0.9166666667   0.4166666667   1
   1   0.6666666667   0.6666666667   0.3333333333   1
   1   0.7500000000   0.7500000000   0.4166666667   1
   1   0.8333333333   0.6666666667   0.5000000000   1
   1   0.6666666667   0.8333333333   0.5000000000   1
   1   0.8333333333   0.8333333333   0.3333333333   1
   1   0.9166666667   0.7500000000   0.5833333333   1
   1   0.7500000000   0.9166666667   0.5833333333   1
   1   0.9166666667   0.9166666667   0.4166666667   1
   1   0.0000000000   0.0000000000   0.6666666667   1
   1   0.0833333333   0.0833333333   0.7500000000   1
   1   0.1666666667   0.0000000000   0.8333333333   1
   1   0.0000000000   0.1666666667   0.8333333333   1
   1   0.1666666667   0.1666666667   0.6666666667   1
   1   0.2500000000   0.0833333333   0.9166666667   1
   1   0.0833333333   0.2500000000   0.9166666667   1
   1   0.2500000000   0.2500000000   0.7500000000   1
   1   0.3333333333   0.0000000000   0.6666666667   1
   1   0.4166666667   0.0833333333   0.7500000000   1
   1   0.5000000000   0.0000000000   0.8333333333   1
   1   0.3333333333   0.1666666667   0.8333333333   1
   1   0.5000000000   0.1666666667   0.6666666667   1
   1   0.5833333333   0.0833333333   0.9166666667   1
   1   0.4166666667   0.2500000000   0.9166666667   1
   1   0.5833333333   0.2500000000   0.7500000000   1
   1   0.6666666667   0.0000000000   0.6666666667   1
   1   0.7500000000   0.0833333333   0.7500000000   1
   1   0.8333333333   0.0000000000   0.8333333333   1
   1   0.6666666667   0.1666666667   0.8333333333   1
   1   0.8333333333   0.1666666667   0.6666666667   1
   1   0.9166666667   0.0833333333   0.9166666667   1
   1   0.7500000000   0.2500000000   0.9166666667   1
   1   0.9166666667   0.2500000000   0.7500000000   1
   1   0.0000000000   0.3333333333   0.6666666667   1
   1   0.0833333333   0.4166666667   0.7500000000   1
   1   0.1666666667   0.3333333333   0.8333333333   1
   1   0.0000000000   0.5000000000   0.8333333333   1
   1   0.1666666667   0.5000000000   0.6666666667   1
   1   0.2500000000   0.4166666667   0.9166666667   1
   1   0.0833333333   0.5833333333   0.9166666667   1
   1   0.2500000000   0.5833333333   0.7500000000   1
   1   0.3333333333   0.3333333333   0.6666666667   1
   1   0.4166666667   0.4166666667   0.7500000000   1
   1   0.5000000000   0.3333333333   0.8333333333   1
   1   0.3333333333   0.5000000000   0.8333333333   1
   1   0.5000000000   0.5000000000   0.6666666667   1
   1   0.5833333333   0.4166666667   0.9166666667   1
   1   0.4166666667   0.5833333333   0.9166666667   1
   1   0.5833333333   0.5833333333   0.7500000000   1
   1   0.6666666667   0.3333333333   0.6666666667   1
   1   0.7500000000   0.4166666667   0.7500000000   1
   1   0.8333333333   0.3333333333   0.8333333333   1
   1   0.6666666667   0.5000000000   0.8333333333   1
   1   0.8333333333   0.5000000000   0.6666666667   1
   1   0.9166666667   0.4166666667   0.9166666667   1
   1   0.7500000000   0.5833333333   0.9166666667   1
   1   0.9166666667   0.5833333333   0.7500000000   1
   1   0.0000000000   0.6666666667   0.6666666667   1
   1   0.0833333333   0.7500000000   0.7500000000   1
   1   0.1666666667   0.6666666667   0.8333333333   1
   1   0.0000000000   0.8333333333   0.8333333333   1
   1   0.1666666667   0.8333333333   0.6666666667   1
   1   0.2500000000   0.7500000000   0.9166666667   1
   1   0.0833333333   0.9166666667   0.9166666667   1
   1   0.2500000000   0.9166666667   0.7500000000   1
   1   0.3333333333   0.6666666667   0.6666666667   1
   1   0.4166666667   0.7500000000   0.7500000000   1
   1   0.5000000000   0.6666666667   0.8333333333   1
   1   0.3333333333   0.8333333333   0.8333333333   1
   1   0.5000000000   0.8333333333   0.6666666667   1
   1   0.5833333333   0.7500000000   0.9166666667   1
   1   0.4166666667   0.9166666667   0.9166666667   1
   1   0.5833333333   0.9166666667   0.7500000000   1
   1   0.6666666667   0.6666666667   0.6666666667   1
   1   0.7500000000   0.7500000000   0.7500000000   1
   1   0.8333333333   0.6666666667   0.8333333333   1
   1   0.6666666667   0.8333333333   0.8333333333   1
   1   0.8333333333   0.8333333333   0.6666666667   1
   1   0.9166666667   0.7500000000   0.9166666667   1
   1   0.7500000000   0.9166666667   0.9166666667   1
   1   0.9166666667   0.9166666667   0.7500000000   1
