 Total Energy   -859.186485545389     
 Harris Energy  -859.186485545389     
 Ion-Ion                      -907.161779580626     
 Local Potential              -500.238280740942     
 Ion Local Potential          -282.877298937878     
 Hartree Energy                59.8198883289649     
 Exchange-Correlation Energy  -258.453374170298     
 Exchange Energy              -218.076785022373     
 Correlation Energy           -40.3765891479249     
 Sum of eigenvalues            29.2477980735067     
 Fermi energy                 0.224225279600266     
 Eigenvalues
   k     n          esp(n,k,s)    esp_err   occ(n,k,s)  
   1     1  -0.219395909868800 -0.55439E-10   2.0000    
   1     2  -0.201491303228911  0.39989E-09   2.0000    
   1     3  -0.201491303195975  0.29584E-09   2.0000    
   1     4  -0.201491303190344  0.20116E-10   2.0000    
   1     5  -0.201491303082686 -0.27539E-09   2.0000    
   1     6  -0.201491303078420 -0.32827E-09   2.0000    
   1     7  -0.201491303059930 -0.44913E-09   2.0000    
   1     8  -0.184276853970412  0.38574E-09   2.0000    
   1     9  -0.184276853936921  0.32115E-09   2.0000    
   1    10  -0.184276853836670  0.42147E-10   2.0000    
   1    11  -0.184276853822364 -0.91584E-10   2.0000    
   1    12  -0.184276853724507 -0.41991E-09   2.0000    
   1    13  -0.184276853717770 -0.61746E-09   2.0000    
   1    14  -0.184275391101951  0.50582E-09   2.0000    
   1    15  -0.184275390991262 -0.30630E-10   2.0000    
   1    16  -0.184275390981753 -0.36985E-10   2.0000    
   1    17  -0.184275390977870 -0.97266E-10   2.0000    
   1    18  -0.184275390939129 -0.80606E-10   2.0000    
   1    19  -0.184275390833422 -0.56561E-09   2.0000    
   1    20  -0.168444896032695 -0.24598E-10   2.0000    
   1    21  -0.168444896001418 -0.22960E-09   2.0000    
   1    22  -0.168444895953705 -0.24644E-09   2.0000    
   1    23  -0.168444390841726  0.63476E-10   2.0000    
   1    24  -0.168443822685746  0.14736E-09   2.0000    
   1    25  -0.168443822647868  0.39540E-10   2.0000    
   1    26  -0.168443822612441 -0.72917E-10   2.0000    
   1    27  -0.168438770267717 -0.14243E-09   2.0000    
   1    28  -0.149035765699804 -0.58497E-10   2.0000    
   1    29  -0.149035765686438 -0.83378E-10   2.0000    
   1    30  -0.149031142788991 -0.33143E-10   2.0000    
   1    31  -0.149020324179398 -0.15924E-10   2.0000    
   1    32  -0.149020324169896 -0.57517E-10   2.0000    
   1    33  -0.149020324156221 -0.10332E-09   2.0000    
   1    34  -0.134756916928881  0.18387E-09   2.0000    
   1    35  -0.134756916892632  0.19615E-09   2.0000    
   1    36  -0.134756916874180  0.12062E-09   2.0000    
   1    37  -0.134756916776033 -0.13907E-09   2.0000    
   1    38  -0.134756916767674 -0.32660E-09   2.0000    
   1    39  -0.134756916750394 -0.46810E-09   2.0000    
   1    40  -0.134753901977358  0.46657E-09   2.0000    
   1    41  -0.134753901957183  0.30131E-09   2.0000    
   1    42  -0.134753901923983  0.12115E-09   2.0000    
   1    43  -0.134753901845239 -0.23243E-09   2.0000    
   1    44  -0.134753901812236 -0.48472E-09   2.0000    
   1    45  -0.134753901758013 -0.45435E-09   2.0000    
   1    46  -0.134742411450485  0.49666E-09   2.0000    
   1    47  -0.134742411414437  0.31134E-09   2.0000    
   1    48  -0.134742411399972  0.89233E-10   2.0000    
   1    49  -0.134742411370537 -0.30655E-10   2.0000    
   1    50  -0.134742411356870 -0.60911E-10   2.0000    
   1    51  -0.134742411300620 -0.83418E-10   2.0000    
   1    52  -0.134741289178548  0.34044E-10   2.0000    
   1    53  -0.134741289127771  0.29084E-10   2.0000    
   1    54  -0.134741289114113 -0.25794E-09   2.0000    
   1    55  -0.134741289089463 -0.28342E-09   2.0000    
   1    56  -0.134741289050306 -0.41391E-09   2.0000    
   1    57  -0.134741289033819 -0.55191E-09   2.0000    
   1    58  -0.127175642897820  0.16392E-08   2.0000    
   1    59  -0.127175642846527  0.14639E-08   2.0000    
   1    60  -0.127175642502022  0.19857E-09   2.0000    
   1    61  -0.127175642246867 -0.81635E-09   2.0000    
   1    62  -0.127175642107021 -0.10019E-08   2.0000    
   1    63  -0.127175641515759 -0.78617E-09   2.0000    
   1    64  -0.127173937456320  0.87381E-09   2.0000    
   1    65  -0.127173937232431  0.24152E-09   2.0000    
   1    66  -0.127173937039243  0.16201E-09   2.0000    
   1    67  -0.127173936907404 -0.80691E-09   2.0000    
   1    68  -0.127173936659416 -0.95812E-09   2.0000    
   1    69  -0.127173936476486 -0.12468E-08   2.0000    
   1    70  -0.127162441089671  0.12134E-08   2.0000    
   1    71  -0.127162440908939  0.81671E-09   2.0000    
   1    72  -0.127162440634882  0.57589E-09   2.0000    
   1    73  -0.127162440501741 -0.16993E-09   2.0000    
   1    74  -0.127162440326079 -0.46621E-09   2.0000    
   1    75  -0.127162440059091 -0.10454E-08   2.0000    
   1    76  -0.127159128314705  0.68527E-09   2.0000    
   1    77  -0.127159127765162  0.73784E-09   2.0000    
   1    78  -0.127159127658151  0.56347E-09   2.0000    
   1    79  -0.127159127377788 -0.15067E-09   2.0000    
   1    80  -0.127159127030674 -0.15328E-08   2.0000    
   1    81  -0.127159126941672 -0.16749E-08   2.0000    
   1    82  -0.098659115163871 -0.41364E-09   2.0000    
   1    83  -0.098659115161011 -0.44599E-09   2.0000    
   1    84  -0.098656539240363  0.67858E-09   2.0000    
   1    85  -0.098648184941742  0.99713E-09   2.0000    
   1    86  -0.098648184916201  0.60228E-09   2.0000    
   1    87  -0.098648184903566 -0.75975E-09   2.0000    
   1    88  -0.098644870797763 -0.16178E-09   2.0000    
   1    89  -0.098644870794550 -0.29602E-09   2.0000    
   1    90  -0.098644870786916 -0.77940E-09   2.0000    
   1    91  -0.098636572163446  0.42138E-09   2.0000    
   1    92  -0.098636572145414  0.18849E-09   2.0000    
   1    93  -0.098636572138490 -0.79376E-09   2.0000    
   1    94  -0.066494107734306 -0.61625E-10   2.0000    
   1    95  -0.066494107731067 -0.63128E-10   2.0000    
   1    96  -0.066494107730392 -0.63898E-10   2.0000    
   1    97  -0.066494107728487 -0.65371E-10   2.0000    
   1    98  -0.066494107719906 -0.60163E-10   2.0000    
   1    99  -0.066494107717562 -0.63480E-10   2.0000    
   1   100  -0.061961484846992  0.64599E-09   2.0000    
   1   101  -0.061961484617410  0.28028E-09   2.0000    
   1   102  -0.061961484568145  0.17184E-09   2.0000    
   1   103  -0.061961484362967  0.48296E-10   2.0000    
   1   104  -0.061961484205523 -0.70994E-09   2.0000    
   1   105  -0.061961484077073 -0.86954E-09   2.0000    
   1   106  -0.061960593627149  0.73238E-09   2.0000    
   1   107  -0.061960593593492  0.73582E-09   2.0000    
   1   108  -0.061960593402430 -0.16687E-10   2.0000    
   1   109  -0.061960593281915 -0.47126E-09   2.0000    
   1   110  -0.061960593205398 -0.78993E-09   2.0000    
   1   111  -0.061960592895961 -0.49264E-09   2.0000    
   1   112  -0.061960496275747  0.66378E-09   2.0000    
   1   113  -0.061960496075781  0.43480E-09   2.0000    
   1   114  -0.061960495916238  0.86906E-10   2.0000    
   1   115  -0.061960495803601 -0.32773E-09   2.0000    
   1   116  -0.061960495629237 -0.55025E-09   2.0000    
   1   117  -0.061960495544553 -0.75352E-09   2.0000    
   1   118  -0.061957512823796  0.68312E-09   2.0000    
   1   119  -0.061957512639005  0.45695E-09   2.0000    
   1   120  -0.061957512482623  0.10893E-09   2.0000    
   1   121  -0.061957512365966 -0.33299E-09   2.0000    
   1   122  -0.061957512199810 -0.54339E-09   2.0000    
   1   123  -0.061957512104773 -0.73998E-09   2.0000    
   1   124  -0.028203613940467  0.19742E-09   2.0000    
   1   125  -0.028203613932578  0.70309E-10   2.0000    
   1   126  -0.028203613922984 -0.43868E-09   2.0000    
   1   127  -0.028198388720137 -0.12123E-09   2.0000    
   1   128  -0.028198388707666 -0.18088E-09   2.0000    
   1   129  -0.028198388699587 -0.44323E-09   2.0000    
   1   130  -0.028198285826951  0.48144E-09   2.0000    
   1   131  -0.028198285814370  0.26343E-09   2.0000    
   1   132  -0.028198285786776 -0.41834E-09   2.0000    
   1   133  -0.028190475928192  0.32667E-09   2.0000    
   1   134  -0.028188248051067 -0.23929E-09   2.0000    
   1   135  -0.028188248041293 -0.25930E-09   2.0000    
   1   136  -0.022847461149776  0.61733E-09   2.0000    
   1   137  -0.022847460739706  0.75984E-09   2.0000    
   1   138  -0.022847460633593  0.49720E-09   2.0000    
   1   139  -0.022847460339993  0.11237E-09   2.0000    
   1   140  -0.022847460050891 -0.13553E-08   2.0000    
   1   141  -0.022847459966673 -0.13578E-08   2.0000    
   1   142  -0.022840378950755  0.12050E-08   2.0000    
   1   143  -0.022840378764693  0.70419E-09   2.0000    
   1   144  -0.022840378539918  0.42448E-09   2.0000    
   1   145  -0.022840378392887 -0.14199E-09   2.0000    
   1   146  -0.022840378199182 -0.41785E-09   2.0000    
   1   147  -0.022840377981950 -0.97183E-09   2.0000    
   1   148  -0.022831385856739  0.76700E-09   2.0000    
   1   149  -0.022831385649272  0.25900E-09   2.0000    
   1   150  -0.022831385444308  0.13886E-09   2.0000    
   1   151  -0.022831385312781 -0.62271E-09   2.0000    
   1   152  -0.022831385090217 -0.80701E-09   2.0000    
   1   153  -0.022831384919854 -0.12193E-08   2.0000    
   1   154  -0.022825876485028  0.12523E-08   2.0000    
   1   155  -0.022825876361327  0.12868E-08   2.0000    
   1   156  -0.022825876093311 -0.14086E-10   2.0000    
   1   157  -0.022825875802718 -0.63830E-09   2.0000    
   1   158  -0.022825875696092 -0.94019E-09   2.0000    
   1   159  -0.022825875261037 -0.87345E-09   2.0000    
   1   160   0.013105834418804  0.54188E-09   2.0000    
   1   161   0.013105834448445  0.41201E-09   2.0000    
   1   162   0.013105834464634  0.25663E-09   2.0000    
   1   163   0.013105834470239  0.19113E-09   2.0000    
   1   164   0.013105834481011  0.15852E-09   2.0000    
   1   165   0.013105834526033  0.16735E-09   2.0000    
   1   166   0.013105846163421 -0.25423E-09   2.0000    
   1   167   0.013105846202539 -0.24954E-09   2.0000    
   1   168   0.013105846211156 -0.40603E-09   2.0000    
   1   169   0.013105846221616 -0.45152E-09   2.0000    
   1   170   0.013105846244968 -0.53122E-09   2.0000    
   1   171   0.013105846254355 -0.62548E-09   2.0000    
   1   172   0.013122717878351  0.52325E-09   2.0000    
   1   173   0.013122717894545  0.38483E-09   2.0000    
   1   174   0.013122717929342  0.18809E-09   2.0000    
   1   175   0.013122717952085 -0.32967E-09   2.0000    
   1   176   0.013122717977751 -0.50457E-09   2.0000    
   1   177   0.013122717999369 -0.63397E-09   2.0000    
   1   178   0.013125363858994  0.39735E-09   2.0000    
   1   179   0.013125363889655  0.25214E-09   2.0000    
   1   180   0.013125363895087  0.11715E-09   2.0000    
   1   181   0.013125363946488 -0.20474E-09   2.0000    
   1   182   0.013125363950209 -0.36509E-09   2.0000    
   1   183   0.013125363957697 -0.62098E-09   2.0000    
   1   184   0.023703178588009 -0.19898E-09   2.0000    
   1   185   0.023719640346560  0.26313E-09   2.0000    
   1   186   0.023719640355471  0.14251E-09   2.0000    
   1   187   0.023719640370587 -0.15013E-09   2.0000    
   1   188   0.023730785496021  0.42778E-10   2.0000    
   1   189   0.023730785511614 -0.25719E-09   2.0000    
   1   190   0.023730785517995 -0.37784E-09   2.0000    
   1   191   0.023739080866795  0.81746E-10   2.0000    
   1   192   0.036306486291154 -0.67955E-10   2.0000    
   1   193   0.036306486311416 -0.68473E-10   2.0000    
   1   194   0.036306486313461 -0.68518E-10   2.0000    
   1   195   0.036330305835704 -0.65071E-10   2.0000    
   1   196   0.036336766940733 -0.71602E-10   2.0000    
   1   197   0.036336766953286 -0.70355E-10   2.0000    
   1   198   0.056586476834845  0.53772E-09   2.0000    
   1   199   0.056586476846884 -0.21264E-09   2.0000    
   1   200   0.056586476856875 -0.45214E-09   2.0000    
   1   201   0.056590471714129  0.54956E-09   2.0000    
   1   202   0.056590471720920  0.17205E-09   2.0000    
   1   203   0.056590471730893  0.64306E-10   2.0000    
   1   204   0.056591859343071  0.55100E-09   2.0000    
   1   205   0.056591859352995 -0.64365E-09   2.0000    
   1   206   0.056591859377768 -0.96090E-09   2.0000    
   1   207   0.056596307096384  0.26082E-09   2.0000    
   1   208   0.056596307099850  0.24813E-09   2.0000    
   1   209   0.056597127257653 -0.63732E-09   2.0000    
   1   210   0.083234592224608  0.10182E-09   2.0000    
   1   211   0.083234592239048  0.56070E-10   2.0000    
   1   212   0.083234592243011 -0.92593E-10   2.0000    
   1   213   0.083234592250273 -0.98162E-10   2.0000    
   1   214   0.083234592258830 -0.17941E-09   2.0000    
   1   215   0.083234592268538 -0.19143E-09   2.0000    
   1   216   0.083237774894604  0.95887E-10   2.0000    
   1   217   0.083237774898656  0.24993E-10   2.0000    
   1   218   0.083237774907903 -0.30895E-10   2.0000    
   1   219   0.083237774919085 -0.80729E-10   2.0000    
   1   220   0.083237774925469 -0.17822E-09   2.0000    
   1   221   0.083237774932028 -0.21106E-09   2.0000    
   1   222   0.085034055868650  0.69220E-09   2.0000    
   1   223   0.085034055963204  0.59631E-09   2.0000    
   1   224   0.085034056120142 -0.26711E-09   2.0000    
   1   225   0.085034056299844 -0.31658E-09   2.0000    
   1   226   0.085034056364060 -0.47837E-09   2.0000    
   1   227   0.085034056583789 -0.54520E-09   2.0000    
   1   228   0.085034886371471  0.35721E-09   2.0000    
   1   229   0.085034886623410  0.51112E-09   2.0000    
   1   230   0.085034886696373  0.34173E-09   2.0000    
   1   231   0.085034886841770  0.87224E-10   2.0000    
   1   232   0.085034887006306 -0.75790E-09   2.0000    
   1   233   0.085034887068786 -0.77258E-09   2.0000    
   1   234   0.085035620942933  0.65231E-09   2.0000    
   1   235   0.085035621069377  0.44683E-09   2.0000    
   1   236   0.085035621230268  0.83669E-10   2.0000    
   1   237   0.085035621323690 -0.16812E-09   2.0000    
   1   238   0.085035621499363 -0.55390E-09   2.0000    
   1   239   0.085035621665899 -0.76851E-09   2.0000    
   1   240   0.085035932436915  0.71347E-09   2.0000    
   1   241   0.085035932538038  0.38593E-09   2.0000    
   1   242   0.085035932707708  0.16294E-09   2.0000    
   1   243   0.085035932816913 -0.15693E-09   2.0000    
   1   244   0.085035932962625 -0.55809E-09   2.0000    
   1   245   0.085035933128734 -0.81394E-09   2.0000    
   1   246   0.087812259485386  0.29373E-09   2.0000    
   1   247   0.087812259496612  0.28146E-09   2.0000    
   1   248   0.087812259505416  0.23404E-09   2.0000    
   1   249   0.087812259522685  0.19521E-09   2.0000    
   1   250   0.087812259526001  0.61781E-10   2.0000    
   1   251   0.087812259548626 -0.22733E-10   2.0000    
   1   252   0.087812435358380 -0.10543E-09   2.0000    
   1   253   0.087812435381633 -0.17840E-09   2.0000    
   1   254   0.087812435383893 -0.21690E-09   2.0000    
   1   255   0.087812435396160 -0.27682E-09   2.0000    
   1   256   0.087812435410526 -0.42051E-09   2.0000    
   1   257   0.087812435428517 -0.42320E-09   2.0000    
   1   258   0.087817411229936  0.31926E-09   2.0000    
   1   259   0.087817411241015  0.27290E-09   2.0000    
   1   260   0.087817411273966  0.13216E-09   2.0000    
   1   261   0.087817411297038 -0.19653E-09   2.0000    
   1   262   0.087817411324060 -0.39851E-09   2.0000    
   1   263   0.087817411343564 -0.39949E-09   2.0000    
   1   264   0.087817870474069  0.24240E-09   2.0000    
   1   265   0.087817870489131  0.16026E-09   2.0000    
   1   266   0.087817870496921  0.58705E-10   2.0000    
   1   267   0.087817870524481 -0.17348E-09   2.0000    
   1   268   0.087817870534409 -0.23192E-09   2.0000    
   1   269   0.087817870557210 -0.36826E-09   2.0000    
   1   270   0.114663409448728 -0.56327E-10   2.0000    
   1   271   0.114663409450765 -0.55563E-10   2.0000    
   1   272   0.114663409451452 -0.55859E-10   2.0000    
   1   273   0.114663409456826 -0.53176E-10   2.0000    
   1   274   0.114663409457801 -0.53440E-10   2.0000    
   1   275   0.114663409459826 -0.52557E-10   2.0000    
   1   276   0.117140595061365  0.50401E-09   2.0000    
   1   277   0.117140595160971  0.20267E-09   2.0000    
   1   278   0.117140595316838  0.24404E-10   2.0000    
   1   279   0.117140595403513 -0.17939E-09   2.0000    
   1   280   0.117140595524305 -0.62073E-09   2.0000    
   1   281   0.117140595684503 -0.87144E-09   2.0000    
   1   282   0.117140944158393  0.46131E-09   2.0000    
   1   283   0.117140944406840  0.47358E-09   2.0000    
   1   284   0.117140944474702  0.42342E-09   2.0000    
   1   285   0.117140944534145 -0.48640E-10   2.0000    
   1   286   0.117140944715146 -0.44482E-09   2.0000    
   1   287   0.117140944737175 -0.60231E-09   2.0000    
   1   288   0.117152171622687  0.71912E-09   2.0000    
   1   289   0.117152171813978  0.51414E-09   2.0000    
   1   290   0.117152171922655  0.64470E-10   2.0000    
   1   291   0.117152171999218 -0.14827E-09   2.0000    
   1   292   0.117152172164567 -0.31747E-09   2.0000    
   1   293   0.117152172283675 -0.60523E-09   2.0000    
   1   294   0.117154817146373  0.51939E-09   2.0000    
   1   295   0.117154817152251  0.31735E-09   2.0000    
   1   296   0.117154817331683 -0.85719E-10   2.0000    
   1   297   0.117154817423375 -0.49606E-09   2.0000    
   1   298   0.117154817459231 -0.58509E-09   2.0000    
   1   299   0.117154817700459 -0.57388E-09   2.0000    
   1   300   0.130392175710985  0.15051E-09   2.0000    
   1   301   0.130392175757796 -0.31428E-10   2.0000    
   1   302   0.130392175763520 -0.26660E-10   2.0000    
   1   303   0.130392175767675 -0.46118E-10   2.0000    
   1   304   0.130392175777752 -0.95514E-10   2.0000    
   1   305   0.130392175824036 -0.26203E-09   2.0000    
   1   306   0.130393017755101  0.13888E-09   2.0000    
   1   307   0.130393017766115  0.10455E-09   2.0000    
   1   308   0.130393017802669 -0.42710E-10   2.0000    
   1   309   0.130393017816787 -0.77054E-10   2.0000    
   1   310   0.130393017854656 -0.19578E-09   2.0000    
   1   311   0.130393017863535 -0.24754E-09   2.0000    
   1   312   0.130586741397544  0.52816E-11   2.0000    
   1   313   0.130586741424488 -0.59514E-10   2.0000    
   1   314   0.130586741447208 -0.13477E-09   2.0000    
   1   315   0.130587320355487  0.28671E-10   2.0000    
   1   316   0.130587320380928 -0.69968E-10   2.0000    
   1   317   0.130587320405009 -0.13856E-09   2.0000    
   1   318   0.130587424677492  0.23093E-10   2.0000    
   1   319   0.130587424702058 -0.46650E-10   2.0000    
   1   320   0.130587424716937 -0.12168E-09   2.0000    
   1   321   0.130587841925431  0.29988E-10   2.0000    
   1   322   0.130587841942165 -0.45852E-10   2.0000    
   1   323   0.130587841971054 -0.13888E-09   2.0000    
   1   324   0.134871388184263  0.29370E-09   2.0000    
   1   325   0.134871388191824  0.27831E-09   2.0000    
   1   326   0.134871388196167  0.26134E-09   2.0000    
   1   327   0.134871388201646  0.25891E-09   2.0000    
   1   328   0.134871388212148  0.25501E-09   2.0000    
   1   329   0.134871388219975  0.23020E-09   2.0000    
   1   330   0.134872111036947 -0.35189E-09   2.0000    
   1   331   0.134872111059105 -0.33864E-09   2.0000    
   1   332   0.134872111067358 -0.36099E-09   2.0000    
   1   333   0.134872111070418 -0.36870E-09   2.0000    
   1   334   0.134872111072593 -0.40813E-09   2.0000    
   1   335   0.134872111089457 -0.40516E-09   2.0000    
   1   336   0.134876724330233  0.39258E-09   2.0000    
   1   337   0.134876724333834  0.26860E-09   2.0000    
   1   338   0.134876724347407  0.23953E-09   2.0000    
   1   339   0.134876724363180 -0.30029E-09   2.0000    
   1   340   0.134876724383365 -0.38213E-09   2.0000    
   1   341   0.134876724394269 -0.51885E-09   2.0000    
   1   342   0.134876902784737  0.41557E-09   2.0000    
   1   343   0.134876902793973  0.25957E-09   2.0000    
   1   344   0.134876902800855  0.16752E-09   2.0000    
   1   345   0.134876902808925 -0.34945E-09   2.0000    
   1   346   0.134876902822413 -0.34635E-09   2.0000    
   1   347   0.134876902824328 -0.50011E-09   2.0000    
   1   348   0.141822835354502  0.13561E-09   2.0000    
   1   349   0.141822835359358  0.11158E-10   2.0000    
   1   350   0.141822835368636 -0.33908E-09   2.0000    
   1   351   0.141824204964463  0.22062E-09   2.0000    
   1   352   0.141824379208987 -0.10700E-09   2.0000    
   1   353   0.141824379212540 -0.17403E-09   2.0000    
   1   354   0.141824379221341 -0.33633E-09   2.0000    
   1   355   0.141824615891164  0.40164E-09   2.0000    
   1   356   0.141824615901987  0.25307E-09   2.0000    
   1   357   0.141824615909873 -0.34789E-09   2.0000    
   1   358   0.141825679636812 -0.19614E-09   2.0000    
   1   359   0.141825679642239 -0.21656E-09   2.0000    
   1   360   0.144437430871281  0.52028E-10   2.0000    
   1   361   0.144437430881123  0.29669E-10   2.0000    
   1   362   0.144437430886438 -0.14480E-11   2.0000    
   1   363   0.144437430928958 -0.13804E-09   2.0000    
   1   364   0.144437430934520 -0.17756E-09   2.0000    
   1   365   0.144437430945800 -0.20037E-09   2.0000    
   1   366   0.154114963424210  0.26623E-09   2.0000    
   1   367   0.154114963551802  0.22389E-09   2.0000    
   1   368   0.154114963650819  0.26919E-09   2.0000    
   1   369   0.154114963663227 -0.15800E-09   2.0000    
   1   370   0.154114963811205 -0.47568E-09   2.0000    
   1   371   0.154114963859385 -0.54858E-09   2.0000    
   1   372   0.154115966974769  0.62870E-09   2.0000    
   1   373   0.154115967044967  0.46944E-09   2.0000    
   1   374   0.154115967169579  0.14169E-09   2.0000    
   1   375   0.154115967193523  0.42728E-10   2.0000    
   1   376   0.154115967314888 -0.25409E-09   2.0000    
   1   377   0.154115967373147 -0.39021E-09   2.0000    
   1   378   0.154117180713392  0.42378E-09   2.0000    
   1   379   0.154117180724313  0.35869E-09   2.0000    
   1   380   0.154117180848240 -0.10528E-09   2.0000    
   1   381   0.154117180892095 -0.31244E-09   2.0000    
   1   382   0.154117181001734 -0.38980E-09   2.0000    
   1   383   0.154117181107627 -0.33773E-09   2.0000    
   1   384   0.154117232487394  0.22973E-09   2.0000    
   1   385   0.154117232563231  0.15728E-09   2.0000    
   1   386   0.154117232692799 -0.83908E-10   2.0000    
   1   387   0.154117232709324 -0.35834E-09   2.0000    
   1   388   0.154117232825822 -0.58572E-09   2.0000    
   1   389   0.154117232894039 -0.64458E-09   2.0000    
   1   390   0.175410245880149  0.10815E-09   2.0000    
   1   391   0.175410245888924  0.67851E-10   2.0000    
   1   392   0.175410245901177 -0.77362E-10   2.0000    
   1   393   0.175410245909560 -0.89140E-10   2.0000    
   1   394   0.175410245919961 -0.17733E-09   2.0000    
   1   395   0.175410245922949 -0.19557E-09   2.0000    
   1   396   0.175410803782329  0.97264E-10   2.0000    
   1   397   0.175410803787105  0.50140E-10   2.0000    
   1   398   0.175410803802779 -0.94887E-11   2.0000    
   1   399   0.175410803812261 -0.11992E-09   2.0000    
   1   400   0.175410803816759 -0.16047E-09   2.0000    
   1   401   0.175410803822496 -0.22497E-09   2.0000    
   1   402   0.182511832519861 -0.15705E-09   2.0000    
   1   403   0.182511832529697 -0.27298E-09   2.0000    
   1   404   0.182511832537788 -0.48971E-09   2.0000    
   1   405   0.182512025393921  0.17280E-09   2.0000    
   1   406   0.182512025397543  0.15981E-09   2.0000    
   1   407   0.182512239630712  0.47818E-09   2.0000    
   1   408   0.182512239657502  0.50169E-10   2.0000    
   1   409   0.182512239685268  0.13037E-10   2.0000    
   1   410   0.182513331027948 -0.29899E-09   2.0000    
   1   411   0.182513331029895 -0.31221E-09   2.0000    
   1   412   0.182513628906143  0.35723E-09   2.0000    
   1   413   0.182513628912976  0.12785E-09   2.0000    
   1   414   0.182513628921261  0.88357E-11   2.0000    
   1   415   0.182514906405531 -0.13691E-09   2.0000    
   1   416   0.182514906434630 -0.12822E-09   2.0000    
   1   417   0.182514906460783 -0.61236E-09   2.0000    
   1   418   0.198425045099368  0.11031E-09   2.0000    
   1   419   0.198425045116557 -0.13699E-10   2.0000    
   1   420   0.198425045118215 -0.50777E-10   2.0000    
   1   421   0.198425045129513 -0.42672E-10   2.0000    
   1   422   0.198425045133986 -0.20115E-09   2.0000    
   1   423   0.198425045159863 -0.24019E-09   2.0000    
   1   424   0.198425811448042  0.10942E-09   2.0000    
   1   425   0.198425811449373  0.67792E-11   2.0000    
   1   426   0.198425811470644 -0.10556E-10   2.0000    
   1   427   0.198425811475731 -0.76957E-10   2.0000    
   1   428   0.198425811482073 -0.20115E-09   2.0000    
   1   429   0.198425811504895 -0.21160E-09   2.0000    
   1   430   0.218953537689393 -0.72495E-10   2.0000    
   1   431   0.218953537690615 -0.72706E-10   2.0000    
   1   432   0.218953537691712 -0.72655E-10   2.0000    
   1   433   0.242917574519167 -0.34694E-10   0.0000    
   1   434   0.242917574521199 -0.34174E-10   0.0000    
   1   435   0.242917574522587 -0.35134E-10   0.0000    
   1   436   0.242917574523570 -0.35313E-10   0.0000    
   1   437   0.242917574524233 -0.36306E-10   0.0000    
   1   438   0.242917574526229 -0.35138E-10   0.0000    
   1   439   0.243756132383135 -0.29096E-10   0.0000    
   1   440   0.243756132395282 -0.37756E-10   0.0000    
   1   441   0.243756132397888 -0.46435E-10   0.0000    
   1   442   0.243772276811593 -0.32098E-10   0.0000    
   1   443   0.243777385739456 -0.38370E-10   0.0000    
   1   444   0.243777385745014 -0.43371E-10   0.0000    
   1   445   0.274511630185658  0.13544E-09   0.0000    
   1   446   0.274511630191869 -0.80382E-10   0.0000    
   1   447   0.274511630199259 -0.14736E-09   0.0000    
   1   448   0.274514585524462  0.12168E-09   0.0000    
   1   449   0.274514585530820  0.33090E-10   0.0000    
   1   450   0.274514585536333 -0.94533E-11   0.0000    
   1   451   0.274515427172903  0.13846E-09   0.0000    
   1   452   0.274515427180100 -0.23122E-09   0.0000    
   1   453   0.274515427186318 -0.31509E-09   0.0000    
   1   454   0.274520149960642 -0.20486E-09   0.0000    
   1   455   0.274520681501777  0.61938E-10   0.0000    
   1   456   0.274520681509197  0.50369E-10   0.0000    
   1   457   0.280328686370567  0.13400E-09   0.0000    
   1   458   0.280328686384477  0.94510E-10   0.0000    
   1   459   0.280328686386278  0.63526E-10   0.0000    
   1   460   0.280328686453804 -0.13471E-09   0.0000    
   1   461   0.280328686455181 -0.17716E-09   0.0000    
   1   462   0.280328686470837 -0.21605E-09   0.0000    
   1   463   0.280407686608563  0.17928E-09   0.0000    
   1   464   0.280429406480283  0.13546E-09   0.0000    
   1   465   0.280429406487226 -0.41385E-09   0.0000    
   1   466   0.280429406505242 -0.59669E-09   0.0000    
   1   467   0.280445183630228  0.47933E-09   0.0000    
   1   468   0.280445183651150  0.30175E-09   0.0000    
   1   469   0.280445183658582 -0.26314E-09   0.0000    
   1   470   0.280462116936515 -0.28448E-09   0.0000    
   1   471   0.289997444843809 -0.33377E-10   0.0000    
   1   472   0.289997444848218 -0.35816E-10   0.0000    
   1   473   0.290001347180466 -0.30377E-10   0.0000    
   1   474   0.290012427254113 -0.29508E-10   0.0000    
   1   475   0.290012427257811 -0.33705E-10   0.0000    
   1   476   0.290012427266612 -0.37820E-10   0.0000    
   1   477   0.291967518306523  0.36609E-09   0.0000    
   1   478   0.291967518337350  0.32494E-09   0.0000    
   1   479   0.291967518354111  0.30681E-09   0.0000    
   1   480   0.291967518367600 -0.51611E-10   0.0000    
   1   481   0.291967518386279 -0.93433E-10   0.0000    
   1   482   0.291967518393256 -0.12237E-09   0.0000    
   1   483   0.291968601701151 -0.15974E-10   0.0000    
   1   484   0.291968601710945 -0.16624E-09   0.0000    
   1   485   0.291968601728367 -0.18438E-09   0.0000    
   1   486   0.291968601745000 -0.24069E-09   0.0000    
   1   487   0.291968601760401 -0.23052E-09   0.0000    
   1   488   0.291968601767568 -0.39857E-09   0.0000    
   1   489   0.291989890520094  0.31215E-09   0.0000    
   1   490   0.291989890525094  0.15579E-09   0.0000    
   1   491   0.291989890533109  0.99459E-10   0.0000    
   1   492   0.291989890551831  0.10773E-09   0.0000    
   1   493   0.291989890564809  0.58721E-10   0.0000    
   1   494   0.291989890579325 -0.65748E-10   0.0000    
   1   495   0.291991722542980  0.80101E-10   0.0000    
   1   496   0.291991722549772  0.18676E-10   0.0000    
   1   497   0.291991722565216 -0.21332E-10   0.0000    
   1   498   0.291991722578835 -0.37098E-09   0.0000    
   1   499   0.291991722601009 -0.42501E-09   0.0000    
   1   500   0.291991722620453 -0.45458E-09   0.0000    
   1   501   0.313076619921177 -0.39089E-10   0.0000    
   1   502   0.313076619921493 -0.39224E-10   0.0000    
   1   503   0.313076619922178 -0.39041E-10   0.0000    
   1   504   0.317933527212355  0.22763E-09   0.0000    
   1   505   0.317933527264593  0.10270E-09   0.0000    
   1   506   0.317933527288702 -0.30002E-10   0.0000    
   1   507   0.317933527325162 -0.74942E-10   0.0000    
   1   508   0.317933527365385 -0.17455E-09   0.0000    
   1   509   0.317933527397861 -0.31474E-09   0.0000    
   1   510   0.317935836085529  0.23434E-09   0.0000    
   1   511   0.317935836137005  0.10107E-09   0.0000    
   1   512   0.317935836159908 -0.44355E-10   0.0000    
   1   513   0.317935836197392 -0.67391E-10   0.0000    
   1   514   0.317935836243327 -0.15287E-09   0.0000    
   1   515   0.317935836273132 -0.32385E-09   0.0000    
   1   516   0.317948986260905  0.84173E-10   0.0000    
   1   517   0.317948986283188  0.70511E-10   0.0000    
   1   518   0.317948986309437  0.89689E-10   0.0000    
   1   519   0.317948986374002 -0.17868E-10   0.0000    
   1   520   0.317948986381873 -0.19443E-09   0.0000    
   1   521   0.317948986404967 -0.29235E-09   0.0000    
   1   522   0.317951194651470  0.17057E-09   0.0000    
   1   523   0.317951194677762  0.10855E-09   0.0000    
   1   524   0.317951194717876 -0.26418E-10   0.0000    
   1   525   0.317951194736619 -0.11824E-09   0.0000    
   1   526   0.317951194749070 -0.17103E-09   0.0000    
   1   527   0.317951194825300 -0.21971E-09   0.0000    
   1   528   0.322033395189506  0.12266E-09   0.0000    
   1   529   0.322033395207529  0.10533E-09   0.0000    
   1   530   0.322033395212474 -0.16228E-11   0.0000    
   1   531   0.322033395215570 -0.73867E-10   0.0000    
   1   532   0.322033395229021 -0.90108E-10   0.0000    
   1   533   0.322033395236656 -0.14560E-09   0.0000    
   1   534   0.322033986896049  0.59796E-10   0.0000    
   1   535   0.322033986910964  0.42843E-10   0.0000    
   1   536   0.322033986917983 -0.90332E-10   0.0000    
   1   537   0.322033986922105 -0.13750E-09   0.0000    
   1   538   0.322033986931888 -0.16430E-09   0.0000    
   1   539   0.322033986937667 -0.17709E-09   0.0000    
   1   540   0.322046585105082  0.10080E-09   0.0000    
   1   541   0.322046585128258  0.79364E-10   0.0000    
   1   542   0.322046585131537  0.12414E-10   0.0000    
   1   543   0.322046585172161 -0.96023E-10   0.0000    
   1   544   0.322046585175525 -0.14658E-09   0.0000    
   1   545   0.322046585183230 -0.21057E-09   0.0000    
   1   546   0.322048869033970  0.13334E-09   0.0000    
   1   547   0.322048869046255  0.11070E-09   0.0000    
   1   548   0.322048869048185  0.42280E-11   0.0000    
   1   549   0.322048869091146 -0.14756E-09   0.0000    
   1   550   0.322048869096665 -0.18025E-09   0.0000    
   1   551   0.322048869101130 -0.21416E-09   0.0000    
   1   552   0.328384687924792  0.91890E-10   0.0000    
   1   553   0.328384687930953  0.50989E-10   0.0000    
   1   554   0.328384687951746 -0.48672E-10   0.0000    
   1   555   0.328384687961913 -0.87506E-10   0.0000    
   1   556   0.328384687985473 -0.14884E-09   0.0000    
   1   557   0.328384687993604 -0.18701E-09   0.0000    
   1   558   0.328385025559325  0.99681E-10   0.0000    
   1   559   0.328385025584986 -0.16013E-10   0.0000    
   1   560   0.328385025594992 -0.37952E-10   0.0000    
   1   561   0.328385025598929 -0.45993E-10   0.0000    
   1   562   0.328385025601642 -0.84415E-10   0.0000    
   1   563   0.328385025630979 -0.18944E-09   0.0000    
   1   564   0.334034215324396 -0.80136E-10   0.0000    
   1   565   0.347637579306190 -0.68944E-09   0.0000    
   1   566   0.347637580544618 -0.18428E-08   0.0000    
   1   567   0.347637585474322 -0.47339E-08   0.0000    
   1   568   0.347638895965760 -0.21633E-08   0.0000    
   1   569   0.347638897384970 -0.29087E-08   0.0000    
   1   570   0.347638943497669 -0.16635E-08   0.0000    
   1   571   0.347638944184454 -0.21542E-08   0.0000    
   1   572   0.347638949201920 -0.53441E-08   0.0000    
   1   573   0.347641542743878 -0.18231E-08   0.0000    
   1   574   0.347641544199159 -0.26036E-08   0.0000    
   1   575   0.347641544525727 -0.29184E-08   0.0000    
   1   576   0.347642236875043 -0.67858E-09   0.0000    
   1   577   0.347642242687237 -0.46602E-08   0.0000    
   1   578   0.347644190532282 -0.10070E-08   0.0000    
   1   579   0.347644193254074 -0.25449E-08   0.0000    
   1   580   0.347644196867933 -0.48641E-08   0.0000    
   1   581   0.349468320441810 -0.12627E-08   0.0000    
   1   582   0.349468321252267 -0.16812E-08   0.0000    
   1   583   0.349468322343805 -0.24710E-08   0.0000    
   1   584   0.349468324811884 -0.37790E-08   0.0000    
   1   585   0.349468327723971 -0.53364E-08   0.0000    
   1   586   0.349468329855448 -0.66246E-08   0.0000    
   1   587   0.349468701891325 -0.14472E-08   0.0000    
   1   588   0.349468702600423 -0.16593E-08   0.0000    
   1   589   0.349468704978869 -0.30130E-08   0.0000    
   1   590   0.349468708416680 -0.54712E-08   0.0000    
   1   591   0.349468709321418 -0.58656E-08   0.0000    
   1   592   0.349468724862827 -0.14369E-07   0.0000    
   1   593   0.353369083047517 -0.16010E-07   0.0000    
   1   594   0.353369111006288 -0.26869E-07   0.0000    
   1   595   0.353369162194072 -0.49533E-07   0.0000    
   1   596   0.353369238477770 -0.63939E-07   0.0000    
   1   597   0.353369345913998 -0.91184E-07   0.0000    
   1   598   0.353369478021010 -0.14947E-06   0.0000    
   1   599   0.353370449319087 -0.30807E-07   0.0000    
   1   600   0.353370508067431 -0.54151E-07   0.0000    
   1   601   0.353370592065662 -0.87484E-07   0.0000    
   1   602   0.353370623050080 -0.10625E-06   0.0000    
   1   603   0.353370704277740 -0.12812E-06   0.0000    
   1   604   0.353371376000444 -0.39138E-06   0.0000    
   1   605   0.353377053735627 -0.11122E-07   0.0000    
   1   606   0.353377063831279 -0.14725E-07   0.0000    
   1   607   0.353377088873577 -0.25815E-07   0.0000    
   1   608   0.353377107143612 -0.23643E-07   0.0000    
   1   609   0.353377127769063 -0.53040E-07   0.0000    
   1   610   0.353377147179360 -0.31471E-07   0.0000    
   1   611   0.353377152412091 -0.49599E-07   0.0000    
   1   612   0.353377265950046 -0.86540E-07   0.0000    
   1   613   0.353377322908607 -0.11844E-06   0.0000    
   1   614   0.353377538058765 -0.19712E-06   0.0000    
   1   615   0.353377672293760 -0.27501E-06   0.0000    
   1   616   0.353378547306388 -0.60654E-06   0.0000    
   1   617   0.357823182805087 -0.49614E-07   0.0000    
   1   618   0.357823305257513 -0.83990E-07   0.0000    
   1   619   0.357823777653410 -0.16377E-06   0.0000    
   1   620   0.357823973735418 -0.20850E-06   0.0000    
   1   621   0.357824935455579 -0.21683E-06   0.0000    
   1   622   0.357825494721353 -0.42496E-06   0.0000    
   1   623   0.357825705372486 -0.50868E-06   0.0000    
   1   624   0.357826975727762 -0.10032E-05   0.0000    
   1   625   0.357827923035598 -0.10936E-05   0.0000    
   1   626   0.357828380131384 -0.10801E-05   0.0000    
   1   627   0.357828676888849 -0.11994E-05   0.0000    
   1   628   0.357832758170843 -0.24774E-05   0.0000    
   1   629   0.367278364374802 -0.15178E-05   0.0000    
   1   630   0.367288815765343 -0.17669E-05   0.0000    
   1   631   0.367297349896501 -0.27216E-05   0.0000    
   1   632   0.367306796690823 -0.32016E-05   0.0000    
   1   633   0.367311129846080 -0.43407E-05   0.0000    
   1   634   0.367343819116293 -0.89901E-05   0.0000    
   1   635   0.367358645217959 -0.10148E-04   0.0000    
   1   636   0.367380734493396 -0.12238E-04   0.0000    
   1   637   0.367412697740914 -0.15127E-04   0.0000    
   1   638   0.367446712813873 -0.19566E-04   0.0000    
   1   639   0.367479294611556 -0.24576E-04   0.0000    
   1   640   0.367518342601611 -0.27991E-04   0.0000    
   1   641   0.367544306543691 -0.33228E-04   0.0000    
   1   642   0.367653769019095 -0.42555E-04   0.0000    
   1   643   0.367712203911256 -0.50736E-04   0.0000    
   1   644   0.367867451786572 -0.65270E-04   0.0000    
   1   645   0.368109442782937 -0.82965E-04   0.0000    
   1   646   0.368627439522188 -0.12036E-03   0.0000    
   1   647   0.369456380366405 -0.15828E-03   0.0000    
   1   648   0.371099009423288 -0.10586E-03   0.0000    
