Reciprocal lattice vectors
     -0.612336546845296     0.612336546845296     0.612336546845296
      0.612336546845296    -0.612336546845296     0.612336546845296
      0.612336546845296     0.612336546845296    -0.612336546845296
Number of division along a side            :   8
Number of k points in the irreducible wedge:  32
Number of k points in the whole BZ         :  64
Sampled k points
           k1  k2  k3              weight
      1     3   3   3     0.031250000000000
      2     3   3  -3     0.031250000000000
      3     3   3  -1     0.031250000000000
      4     3   3   1     0.031250000000000
      5     3  -3   3     0.031250000000000
      6     3  -3  -3     0.031250000000000
      7     3  -3  -1     0.031250000000000
      8     3  -3   1     0.031250000000000
      9     3  -1   3     0.031250000000000
     10     3  -1  -3     0.031250000000000
     11     3  -1  -1     0.031250000000000
     12     3  -1   1     0.031250000000000
     13     3   1   3     0.031250000000000
     14     3   1  -3     0.031250000000000
     15     3   1  -1     0.031250000000000
     16     3   1   1     0.031250000000000
     17    -1   3   3     0.031250000000000
     18    -1   3  -3     0.031250000000000
     19    -1   3  -1     0.031250000000000
     20    -1   3   1     0.031250000000000
     21    -1  -3   3     0.031250000000000
     22    -1  -3  -3     0.031250000000000
     23    -1  -3  -1     0.031250000000000
     24    -1  -3   1     0.031250000000000
     25    -1  -1   3     0.031250000000000
     26    -1  -1  -3     0.031250000000000
     27    -1  -1  -1     0.031250000000000
     28    -1  -1   1     0.031250000000000
     29    -1   1   3     0.031250000000000
     30    -1   1  -3     0.031250000000000
     31    -1   1  -1     0.031250000000000
     32    -1   1   1     0.031250000000000
grid index range (k1):  -3   3
grid index range (k2):  -3   3
grid index range (k3):  -3   3
k points in the whole BZ
      1    -3  -3  -3     1
      2    -1  -3  -3    22
      3     1  -3  -3    17
      4     3  -3  -3     6
      5    -3  -1  -3    13
      6    -1  -1  -3    26
      7     1  -1  -3    29
      8     3  -1  -3    10
      9    -3   1  -3     9
     10    -1   1  -3    30
     11     1   1  -3    25
     12     3   1  -3    14
     13    -3   3  -3     5
     14    -1   3  -3    18
     15     1   3  -3    21
     16     3   3  -3     2
     17    -3  -3  -1     4
     18    -1  -3  -1    23
     19     1  -3  -1    20
     20     3  -3  -1     7
     21    -3  -1  -1    16
     22    -1  -1  -1    27
     23     1  -1  -1    32
     24     3  -1  -1    11
     25    -3   1  -1    12
     26    -1   1  -1    31
     27     1   1  -1    28
     28     3   1  -1    15
     29    -3   3  -1     8
     30    -1   3  -1    19
     31     1   3  -1    24
     32     3   3  -1     3
     33    -3  -3   1     3
     34    -1  -3   1    24
     35     1  -3   1    19
     36     3  -3   1     8
     37    -3  -1   1    15
     38    -1  -1   1    28
     39     1  -1   1    31
     40     3  -1   1    12
     41    -3   1   1    11
     42    -1   1   1    32
     43     1   1   1    27
     44     3   1   1    16
     45    -3   3   1     7
     46    -1   3   1    20
     47     1   3   1    23
     48     3   3   1     4
     49    -3  -3   3     2
     50    -1  -3   3    21
     51     1  -3   3    18
     52     3  -3   3     5
     53    -3  -1   3    14
     54    -1  -1   3    25
     55     1  -1   3    30
     56     3  -1   3     9
     57    -3   1   3    10
     58    -1   1   3    29
     59     1   1   3    26
     60     3   1   3    13
     61    -3   3   3     6
     62    -1   3   3    17
     63     1   3   3    22
     64     3   3   3     1
