 Total Energy   -7.95481059571547     
 Harris Energy  -7.95481059571548     
 Ion-Ion                      -8.39964610722826     
 Local Potential              -4.63017509656754     
 Ion Local Potential          -2.61327124843905     
 Hartree Energy               0.551027751052966     
 Exchange-Correlation Energy  -2.39200747713775     
 Exchange Energy              -2.01822103462117     
 Correlation Energy          -0.373786442516582     
 Sum of eigenvalues           0.268911389469083     
 Fermi energy                 0.247199268950011     
 Eigenvalues
   k     n          esp(n,k,s)    esp_err   occ(n,k,s)  
   1     1  -0.156684897475480  0.42104E-08  0.62500E-01
   1     2   0.001329986400000  0.17744E-07  0.62500E-01
   1     3   0.179095261789401  0.56487E-08  0.62500E-01
   1     4   0.179095265684807  0.43235E-08  0.62500E-01
   1     5   0.276974625243839  0.21472E-08   0.0000    
   1     6   0.345428705131540  0.42492E-09   0.0000    
   1     7   0.345428708304403 -0.66218E-09   0.0000    
   1     8   0.502920496418806 -0.68742E-04   0.0000    
   2     1  -0.111295893288012  0.22015E-08  0.62500E-01
   2     2  -0.023506931251987  0.20948E-07  0.62500E-01
   2     3   0.072038566766775  0.19195E-08  0.62500E-01
   2     4   0.149811325484831  0.36695E-08  0.62500E-01
   2     5   0.284716896374889 -0.16968E-08   0.0000    
   2     6   0.416083862010667 -0.19047E-06   0.0000    
   2     7   0.419648229179355 -0.91452E-06   0.0000    
   2     8   0.471926922882038 -0.28810E-04   0.0000    
   3     1  -0.097741946570787  0.88607E-08  0.62500E-01
   3     2  -0.030279116872109  0.58916E-08  0.62500E-01
   3     3   0.092688692931473  0.11601E-07  0.62500E-01
   3     4   0.120617167783137  0.33463E-08  0.62500E-01
   3     5   0.249702625627008 -0.29103E-08   0.0000    
   3     6   0.289595354611557  0.76222E-08   0.0000    
   3     7   0.521361695811211 -0.14288E-06   0.0000    
   3     8   0.521603450211264 -0.18919E-07   0.0000    
   4     1  -0.153110999817348  0.62289E-08  0.62500E-01
   4     2   0.038888684055078  0.16019E-07  0.62500E-01
   4     3   0.120708762482900  0.29084E-08  0.62500E-01
   4     4   0.138010168594712  0.36988E-08  0.62500E-01
   4     5   0.266822488978535  0.16523E-08   0.0000    
   4     6   0.323473337059247  0.58733E-08   0.0000    
   4     7   0.436020903333711  0.40531E-08   0.0000    
   4     8   0.448023590773503  0.17503E-08   0.0000    
   5     1  -0.111295892767726  0.33023E-08  0.62500E-01
   5     2  -0.023506932049034  0.19364E-07  0.62500E-01
   5     3   0.072038565587384 -0.85512E-09  0.62500E-01
   5     4   0.149811326911496  0.67654E-08  0.62500E-01
   5     5   0.284716898259277  0.26084E-08   0.0000    
   5     6   0.416084137604300 -0.45365E-06   0.0000    
   5     7   0.419652831023963 -0.65084E-05   0.0000    
   5     8   0.474366109233948 -0.85674E-03   0.0000    
   6     1  -0.111295893607311  0.13448E-08  0.62500E-01
   6     2  -0.023506930787019  0.22255E-07  0.62500E-01
   6     3   0.072038567565364  0.38927E-08  0.62500E-01
   6     4   0.149811324571838  0.12742E-08  0.62500E-01
   6     5   0.284716895157283 -0.47560E-08   0.0000    
   6     6   0.416084318746456 -0.64096E-06   0.0000    
   6     7   0.419648305505799 -0.12988E-05   0.0000    
   6     8   0.472416499168608 -0.29419E-03   0.0000    
   7     1  -0.091115258328520  0.68222E-08  0.62500E-01
   7     2  -0.034037856187606  0.11208E-07  0.62500E-01
   7     3   0.069492339794253  0.22977E-08  0.62500E-01
   7     4   0.110122620781013  0.66903E-08  0.62500E-01
   7     5   0.305101018597499  0.92642E-08   0.0000    
   7     6   0.374066837705143 -0.10872E-08   0.0000    
   7     7   0.410081131963354 -0.28775E-08   0.0000    
   7     8   0.489559744820755 -0.16947E-04   0.0000    
   8     1  -0.091115256215546  0.11763E-07  0.62500E-01
   8     2  -0.034037860143799  0.19808E-08  0.62500E-01
   8     3   0.069492341575363  0.63975E-08  0.62500E-01
   8     4   0.110122620907162  0.70085E-08  0.62500E-01
   8     5   0.305101018316883  0.85738E-08   0.0000    
   8     6   0.374066838334608 -0.12585E-08   0.0000    
   8     7   0.410081141972967 -0.84201E-08   0.0000    
   8     8   0.490029411458674 -0.19215E-03   0.0000    
   9     1  -0.097741946054520  0.99777E-08  0.62500E-01
   9     2  -0.030279117786826  0.40200E-08  0.62500E-01
   9     3   0.092688692242562  0.97352E-08  0.62500E-01
   9     4   0.120617168873360  0.56978E-08  0.62500E-01
   9     5   0.249702626996804  0.39541E-09   0.0000    
   9     6   0.289595353192611  0.47958E-08   0.0000    
   9     7   0.521361665063428 -0.79361E-07   0.0000    
   9     8   0.521603797852108 -0.35777E-06   0.0000    
  10     1  -0.091115258662506  0.61454E-08  0.62500E-01
  10     2  -0.034037855902761  0.11758E-07  0.62500E-01
  10     3   0.069492341414517  0.60078E-08  0.62500E-01
  10     4   0.110122619261617  0.30560E-08  0.62500E-01
  10     5   0.305101016980771  0.59995E-08   0.0000    
  10     6   0.374066847699671 -0.13304E-07   0.0000    
  10     7   0.410081136759558 -0.11762E-07   0.0000    
  10     8   0.489971662283255 -0.18071E-03   0.0000    
  11     1  -0.129719187444927  0.76229E-08  0.62500E-01
  11     2  -0.028379340364508  0.66318E-08  0.62500E-01
  11     3   0.135334408242490  0.15610E-07  0.62500E-01
  11     4   0.161617434057155 -0.21356E-09  0.62500E-01
  11     5   0.297097412481379 -0.25580E-08   0.0000    
  11     6   0.346433510908360  0.73210E-08   0.0000    
  11     7   0.369683903689014  0.10322E-07   0.0000    
  11     8   0.487032968491423 -0.53589E-06   0.0000    
  12     1  -0.137284008983539  0.83279E-08  0.62500E-01
  12     2   0.005432381663051  0.62721E-08  0.62500E-01
  12     3   0.096867147976822  0.46892E-10  0.62500E-01
  12     4   0.148152356212107  0.14910E-07  0.62500E-01
  12     5   0.323060257098591  0.41766E-08   0.0000    
  12     6   0.347920264450455  0.11056E-07   0.0000    
  12     7   0.400799328456583  0.32585E-08   0.0000    
  12     8   0.435070051473705 -0.16155E-07   0.0000    
  13     1  -0.153110999912467  0.60341E-08  0.62500E-01
  13     2   0.038888684942107  0.17964E-07  0.62500E-01
  13     3   0.120708760174814 -0.22986E-08  0.62500E-01
  13     4   0.138010169858053  0.64324E-08  0.62500E-01
  13     5   0.266822490326164  0.46707E-08   0.0000    
  13     6   0.323473336042451  0.41026E-08   0.0000    
  13     7   0.436020902309605  0.15676E-08   0.0000    
  13     8   0.448023590223283  0.43248E-09   0.0000    
  14     1  -0.091115257854443  0.82961E-08  0.62500E-01
  14     2  -0.034037857409950  0.77235E-08  0.62500E-01
  14     3   0.069492342078112  0.78372E-08  0.62500E-01
  14     4   0.110122619316294  0.31870E-08  0.62500E-01
  14     5   0.305101016878354  0.57078E-08   0.0000    
  14     6   0.374066843471520 -0.53562E-08   0.0000    
  14     7   0.410081150468585 -0.49259E-07   0.0000    
  14     8   0.489770714378544 -0.92113E-04   0.0000    
  15     1  -0.137284009286399  0.76743E-08  0.62500E-01
  15     2   0.005432382748134  0.85442E-08  0.62500E-01
  15     3   0.096867148009093  0.35475E-09  0.62500E-01
  15     4   0.148152355134631  0.12451E-07  0.62500E-01
  15     5   0.323060259181990  0.82402E-08   0.0000    
  15     6   0.347920262357564  0.69479E-08   0.0000    
  15     7   0.400799327145700  0.63929E-09   0.0000    
  15     8   0.435070047031773 -0.61147E-08   0.0000    
  16     1  -0.173096005294846  0.64030E-08  0.62500E-01
  16     2   0.049807335512469  0.11906E-07  0.62500E-01
  16     3   0.134056822870332  0.10810E-07  0.62500E-01
  16     4   0.190423771265058 -0.11028E-08  0.62500E-01
  16     5   0.316148934672214  0.68682E-09   0.0000    
  16     6   0.354019655594085  0.57647E-08   0.0000    
  16     7   0.359051712381692  0.98622E-09   0.0000    
  16     8   0.445738505829611 -0.44164E-04   0.0000    
  17     1  -0.097741946893788  0.80146E-08  0.62500E-01
  17     2  -0.030279116325902  0.74030E-08  0.62500E-01
  17     3   0.092688693466601  0.12724E-07  0.62500E-01
  17     4   0.120617167085160  0.15037E-08  0.62500E-01
  17     5   0.249702624699034 -0.51419E-08   0.0000    
  17     6   0.289595355430008  0.10047E-07   0.0000    
  17     7   0.521361612907766 -0.42012E-07   0.0000    
  17     8   0.521603595795851 -0.17638E-06   0.0000    
  18     1  -0.091115256017754  0.12315E-07  0.62500E-01
  18     2  -0.034037860306595  0.15262E-08  0.62500E-01
  18     3   0.069492340505186  0.36959E-08  0.62500E-01
  18     4   0.110122621955294  0.94927E-08  0.62500E-01
  18     5   0.305101019241758  0.11356E-07   0.0000    
  18     6   0.374066837313234 -0.37201E-08   0.0000    
  18     7   0.410081165163319 -0.36913E-07   0.0000    
  18     8   0.490141656982063 -0.24506E-03   0.0000    
  19     1  -0.129719185192522  0.12899E-07  0.62500E-01
  19     2  -0.028379345416928 -0.51749E-08  0.62500E-01
  19     3   0.135334408654171  0.16516E-07  0.62500E-01
  19     4   0.161617436129391  0.46198E-08  0.62500E-01
  19     5   0.297097414800743  0.28949E-08   0.0000    
  19     6   0.346433512024251  0.97294E-08   0.0000    
  19     7   0.369683904722539  0.12828E-07   0.0000    
  19     8   0.487036412519878 -0.26743E-05   0.0000    
  20     1  -0.137284008265358  0.10009E-07  0.62500E-01
  20     2   0.005432378746059 -0.54270E-09  0.62500E-01
  20     3   0.096867150167962  0.51455E-08  0.62500E-01
  20     4   0.148152355953797  0.14336E-07  0.62500E-01
  20     5   0.323060259664543  0.10094E-07   0.0000    
  20     6   0.347920264025631  0.10137E-07   0.0000    
  20     7   0.400799326494634 -0.23550E-08   0.0000    
  20     8   0.435070071450415 -0.46051E-07   0.0000    
  21     1  -0.091115257322636  0.95246E-08  0.62500E-01
  21     2  -0.034037857857670  0.67191E-08  0.62500E-01
  21     3   0.069492339387564  0.14257E-08  0.62500E-01
  21     4   0.110122621884118  0.93050E-08  0.62500E-01
  21     5   0.305101019425435  0.11724E-07   0.0000    
  21     6   0.374066837721514 -0.49143E-08   0.0000    
  21     7   0.410081138384466 -0.96598E-08   0.0000    
  21     8   0.489926462473538 -0.13892E-03   0.0000    
  22     1  -0.153110999760735  0.63879E-08  0.62500E-01
  22     2   0.038888683493328  0.14569E-07  0.62500E-01
  22     3   0.120708763993755  0.66896E-08  0.62500E-01
  22     4   0.138010167786370  0.15694E-08  0.62500E-01
  22     5   0.266822488124510 -0.50608E-09   0.0000    
  22     6   0.323473337581987  0.76090E-08   0.0000    
  22     7   0.436020904104900  0.55293E-08   0.0000    
  22     8   0.448023591137776  0.26637E-08   0.0000    
  23     1  -0.173096004721118  0.77477E-08  0.62500E-01
  23     2   0.049807331507863  0.25771E-08  0.62500E-01
  23     3   0.134056823804512  0.12930E-07  0.62500E-01
  23     4   0.190423774063508  0.54229E-08  0.62500E-01
  23     5   0.316148936997755  0.61599E-08   0.0000    
  23     6   0.354019654753830  0.79396E-08   0.0000    
  23     7   0.359051713900403  0.43019E-08   0.0000    
  23     8   0.445718727178819 -0.43234E-04   0.0000    
  24     1  -0.137284008076561  0.10508E-07  0.62500E-01
  24     2   0.005432378085638 -0.23252E-08  0.62500E-01
  24     3   0.096867150085849  0.50883E-08  0.62500E-01
  24     4   0.148152356665119  0.16108E-07  0.62500E-01
  24     5   0.323060258488512  0.65965E-08   0.0000    
  24     6   0.347920265232042  0.13632E-07   0.0000    
  24     7   0.400799327190118 -0.54924E-09   0.0000    
  24     8   0.435070048573472 -0.70392E-10   0.0000    
  25     1  -0.129719186581623  0.99147E-08  0.62500E-01
  25     2  -0.028379342300369  0.14991E-08  0.62500E-01
  25     3   0.135334408397355  0.15984E-07  0.62500E-01
  25     4   0.161617434861702  0.18968E-08  0.62500E-01
  25     5   0.297097413364945 -0.21472E-09   0.0000    
  25     6   0.346433511292132  0.84710E-08   0.0000    
  25     7   0.369683904160089  0.11353E-07   0.0000    
  25     8   0.487039210651242 -0.53303E-05   0.0000    
  26     1  -0.173096005075448  0.69887E-08  0.62500E-01
  26     2   0.049807333982876  0.78371E-08  0.62500E-01
  26     3   0.134056823222814  0.11722E-07  0.62500E-01
  26     4   0.190423772348118  0.17351E-08  0.62500E-01
  26     5   0.316148935499428  0.31804E-08   0.0000    
  26     6   0.354019653180110  0.10271E-07   0.0000    
  26     7   0.359051711168596  0.58932E-08   0.0000    
  26     8   0.445678304434097 -0.37005E-04   0.0000    
  27     1  -0.211808279220150  0.65935E-08  0.62500E-01
  27     2   0.160359200708536  0.19127E-07  0.62500E-01
  27     3   0.208103015476058  0.37438E-08  0.62500E-01
  27     4   0.208103019633555  0.23965E-08  0.62500E-01
  27     5   0.308169662495532 -0.12982E-08   0.0000    
  27     6   0.328433507856694  0.59367E-08   0.0000    
  27     7   0.328433509376867  0.55967E-08   0.0000    
  27     8   0.384872890311763  0.15765E-07   0.0000    
  28     1  -0.191923071970737  0.72914E-08  0.62500E-01
  28     2   0.100925948504034  0.19551E-08  0.62500E-01
  28     3   0.170511239994378  0.24691E-08  0.62500E-01
  28     4   0.173349271486976  0.20826E-07  0.62500E-01
  28     5   0.296290291806534  0.68858E-09   0.0000    
  28     6   0.352708777462797  0.10185E-07   0.0000    
  28     7   0.382538010441432  0.49943E-08   0.0000    
  28     8   0.391889988928281  0.10699E-08   0.0000    
  29     1  -0.137284009012172  0.84085E-08  0.62500E-01
  29     2   0.005432381627989  0.55893E-08  0.62500E-01
  29     3   0.096867148850218  0.25623E-08  0.62500E-01
  29     4   0.148152355061801  0.12117E-07  0.62500E-01
  29     5   0.323060260097899  0.11036E-07   0.0000    
  29     6   0.347920262202631  0.65390E-08   0.0000    
  29     7   0.400799326154344 -0.11679E-08   0.0000    
  29     8   0.435070048874094 -0.61666E-08   0.0000    
  30     1  -0.137284008520521  0.95604E-08  0.62500E-01
  30     2   0.005432379882579  0.15346E-08  0.62500E-01
  30     3   0.096867148735650  0.21975E-08  0.62500E-01
  30     4   0.148152356850607  0.16349E-07  0.62500E-01
  30     5   0.323060256841022  0.34674E-08   0.0000    
  30     6   0.347920265483377  0.14193E-07   0.0000    
  30     7   0.400799328288871  0.32143E-08   0.0000    
  30     8   0.435070049366003 -0.68433E-08   0.0000    
  31     1  -0.191923071866074  0.75191E-08  0.62500E-01
  31     2   0.100925946628357 -0.20341E-08  0.62500E-01
  31     3   0.170511241350641  0.53799E-08  0.62500E-01
  31     4   0.173349272013456  0.21793E-07  0.62500E-01
  31     5   0.296290292395498  0.22954E-08   0.0000    
  31     6   0.352708777622590  0.10861E-07   0.0000    
  31     7   0.382538011345795  0.61626E-08   0.0000    
  31     8   0.391889986255909  0.32946E-08   0.0000    
  32     1  -0.191923072036407  0.71190E-08  0.62500E-01
  32     2   0.100925949666055  0.50381E-08  0.62500E-01
  32     3   0.170511239135525  0.20688E-09  0.62500E-01
  32     4   0.173349271206081  0.19992E-07  0.62500E-01
  32     5   0.296290291355464 -0.25281E-09   0.0000    
  32     6   0.352708777225381  0.10079E-07   0.0000    
  32     7   0.382538007546091  0.81907E-08   0.0000    
  32     8   0.391890001431633 -0.19204E-07   0.0000    
