    0.309211875353326   0.000000000000000   0.000000000000000
    0.000000000000000   0.309211875353326   0.000000000000000
    0.000000000000000   0.000000000000000   0.309211875353326
      1   140      0.000000000000      0.000000000000      0.000000000000     126
     1      -0.217237735265          0.0000    
     2      -0.177652586444          0.0000    
     3      -0.177264123059          0.0000    
     4      -0.176498009159          0.0000    
     5      -0.176495861434          0.0000    
     6      -0.176155703021          0.0000    
     7      -0.173292481260          0.0000    
     8      -0.143113604109          0.0000    
     9      -0.142050910301          0.0000    
    10      -0.142045815090          0.0000    
    11      -0.140825492689          0.0000    
    12      -0.140477517346          0.0000    
    13      -0.140019143342          0.0000    
    14      -0.140003767784          0.0000    
    15      -0.139817660524          0.0000    
    16      -0.139328117661          0.0000    
    17      -0.137645846671          0.0000    
    18      -0.137631865155          0.0000    
    19      -0.134526566652          0.0000    
    20      -0.128021925781          0.0000    
    21      -0.128000474396          0.0000    
    22      -0.125522892519          0.0000    
    23      -0.109710380801          0.0000    
    24      -0.620459739219E-01      0.0000    
    25      -0.619696233763E-01      0.0000    
    26      -0.616512600190E-01      0.0000    
    27      -0.616402816488E-01      0.0000    
    28      -0.610108641755E-01      0.0000    
    29      -0.608153364330E-01      0.0000    
    30      -0.564758393844E-01      0.0000    
    31      -0.564322899472E-01      0.0000    
    32      -0.563258170019E-01      0.0000    
    33      -0.545693140912E-01      0.0000    
    34      -0.538820457306E-01      0.0000    
    35      -0.528937802107E-01      0.0000    
    36      -0.528765177195E-01      0.0000    
    37      -0.526331724115E-01      0.0000    
    38      -0.501445700479E-01      0.0000    
    39      -0.495702615078E-01      0.0000    
    40      -0.495382127155E-01      0.0000    
    41      -0.357157422867E-01      0.0000    
    42      -0.343574167919E-01      0.0000    
    43      -0.311315774749E-01      0.0000    
    44      -0.310846422778E-01      0.0000    
    45      -0.143790309052E-01      0.0000    
    46       0.249333931636E-01      0.0000    
    47       0.249974427262E-01      0.0000    
    48       0.250934732476E-01      0.0000    
    49       0.251087033099E-01      0.0000    
    50       0.253359906404E-01      0.0000    
    51       0.261530175723E-01      0.0000    
    52       0.261899934333E-01      0.0000    
    53       0.263416151400E-01      0.0000    
    54       0.286393882832E-01      0.0000    
    55       0.301326724969E-01      0.0000    
    56       0.301498781986E-01      0.0000    
    57       0.618179876827E-01      0.0000    
    58       0.783493580277E-01      0.0000    
    59       0.783567565932E-01      0.0000    
    60       0.786462190077E-01      0.0000    
    61       0.786678894380E-01      0.0000    
    62       0.792149711380E-01      0.0000    
    63       0.808046818149E-01      0.0000    
    64       0.808111659811E-01      0.0000    
    65       0.819383704539E-01      0.0000    
    66       0.823450626508E-01      0.0000    
    67       0.826881097086E-01      0.0000    
    68       0.826903658980E-01      0.0000    
    69       0.830370575722E-01      0.0000    
    70       0.845386814194E-01      0.0000    
    71       0.845387947288E-01      0.0000    
    72       0.852908547946E-01      0.0000    
    73       0.858431847976E-01      0.0000    
    74       0.860536099382E-01      0.0000    
    75       0.863675727130E-01      0.0000    
    76       0.863720694479E-01      0.0000    
    77       0.866608287308E-01      0.0000    
    78       0.874026773123E-01      0.0000    
    79       0.909289500785E-01      0.0000    
    80       0.921038843736E-01      0.0000    
    81       0.921234723846E-01      0.0000    
    82       0.989601462020E-01      0.0000    
    83       0.100087070393          0.0000    
    84       0.104390965855          0.0000    
    85       0.104549940112          0.0000    
    86       0.104566002159          0.0000    
    87       0.120163334473          0.0000    
    88       0.120187855618          0.0000    
    89       0.120375442646          0.0000    
    90       0.126752273093          0.0000    
    91       0.127226676861          0.0000    
    92       0.127240456182          0.0000    
    93       0.138409267106          0.0000    
    94       0.155290641983          0.0000    
    95       0.155631412014          0.0000    
    96       0.155685127769          0.0000    
    97       0.155778469795          0.0000    
    98       0.155780940033          0.0000    
    99       0.155847351619          0.0000    
   100       0.157854728739          0.0000    
   101       0.157862446430          0.0000    
   102       0.160614881925          0.0000    
   103       0.161562303918          0.0000    
   104       0.161592343380          0.0000    
   105       0.161897578553          0.0000    
   106       0.174985490947          0.0000    
   107       0.176668610126          0.0000    
   108       0.177617583505          0.0000    
   109       0.177655610423          0.0000    
   110       0.177740988771          0.0000    
   111       0.179586484701          0.0000    
   112       0.179610066641          0.0000    
   113       0.179676978961          0.0000    
   114       0.179690895898          0.0000    
   115       0.181194845005          0.0000    
   116       0.181207366958          0.0000    
   117       0.181863886186          0.0000    
   118       0.182852751049          0.0000    
   119       0.185284673043          0.0000    
   120       0.185311064905          0.0000    
   121       0.185326964827          0.0000    
   122       0.185410724253          0.0000    
   123       0.206693406070          0.0000    
   124       0.215239852631          0.0000    
   125       0.215330789867          0.0000    
   126       0.236905739120          0.0000    
   127       0.244613377655          0.0000    
   128       0.246873626228          0.0000    
   129       0.246902125525          0.0000    
   130       0.248525489239          0.0000    
   131       0.250245881021          0.0000    
   132       0.251551811016          0.0000    
   133       0.258896922063          0.0000    
   134       0.258921402472          0.0000    
   135       0.264800973315          0.0000    
   136       0.265433587763          0.0000    
   137       0.268001533186          0.0000    
   138       0.268168671301          0.0000    
   139       0.269007106854          0.0000    
   140       0.269007335202          0.0000    
      2   140      0.040000000000      0.000000000000      0.000000000000     126
     1      -0.217171783548          0.0000    
     2      -0.179698045390          0.0000    
     3      -0.177592052288          0.0000    
     4      -0.176525311723          0.0000    
     5      -0.176436909487          0.0000    
     6      -0.174429904552          0.0000    
     7      -0.172322024544          0.0000    
     8      -0.144373036963          0.0000    
     9      -0.143512219175          0.0000    
    10      -0.143060674967          0.0000    
    11      -0.142490113816          0.0000    
    12      -0.140985577980          0.0000    
    13      -0.140534590748          0.0000    
    14      -0.139164976990          0.0000    
    15      -0.137603660054          0.0000    
    16      -0.137477555101          0.0000    
    17      -0.137079533311          0.0000    
    18      -0.136967539373          0.0000    
    19      -0.134000382329          0.0000    
    20      -0.128039532059          0.0000    
    21      -0.128016265146          0.0000    
    22      -0.125508414439          0.0000    
    23      -0.109660762879          0.0000    
    24      -0.672931457095E-01      0.0000    
    25      -0.621221793877E-01      0.0000    
    26      -0.618808634061E-01      0.0000    
    27      -0.611255468203E-01      0.0000    
    28      -0.610444739554E-01      0.0000    
    29      -0.580921311431E-01      0.0000    
    30      -0.579214372208E-01      0.0000    
    31      -0.575946478307E-01      0.0000    
    32      -0.562973847681E-01      0.0000    
    33      -0.549243284604E-01      0.0000    
    34      -0.543628164332E-01      0.0000    
    35      -0.535282203718E-01      0.0000    
    36      -0.522225819423E-01      0.0000    
    37      -0.500918618365E-01      0.0000    
    38      -0.494193241963E-01      0.0000    
    39      -0.487287117256E-01      0.0000    
    40      -0.481468139700E-01      0.0000    
    41      -0.355293738940E-01      0.0000    
    42      -0.341904257140E-01      0.0000    
    43      -0.309653863263E-01      0.0000    
    44      -0.309182863101E-01      0.0000    
    45      -0.142731198374E-01      0.0000    
    46       0.220905253284E-01      0.0000    
    47       0.227627650227E-01      0.0000    
    48       0.230678058758E-01      0.0000    
    49       0.239135515447E-01      0.0000    
    50       0.250606948806E-01      0.0000    
    51       0.263880200060E-01      0.0000    
    52       0.265958523770E-01      0.0000    
    53       0.288105498484E-01      0.0000    
    54       0.302060307472E-01      0.0000    
    55       0.304688579212E-01      0.0000    
    56       0.320750646419E-01      0.0000    
    57       0.616114739594E-01      0.0000    
    58       0.762454526772E-01      0.0000    
    59       0.777047732139E-01      0.0000    
    60       0.781115201578E-01      0.0000    
    61       0.782687590770E-01      0.0000    
    62       0.804788670492E-01      0.0000    
    63       0.808152285209E-01      0.0000    
    64       0.808646258885E-01      0.0000    
    65       0.812211171879E-01      0.0000    
    66       0.813497283624E-01      0.0000    
    67       0.826374574309E-01      0.0000    
    68       0.832747551968E-01      0.0000    
    69       0.840514364189E-01      0.0000    
    70       0.841529088204E-01      0.0000    
    71       0.850065896408E-01      0.0000    
    72       0.853482692492E-01      0.0000    
    73       0.854340650876E-01      0.0000    
    74       0.865214912577E-01      0.0000    
    75       0.867164807496E-01      0.0000    
    76       0.871734047707E-01      0.0000    
    77       0.882193343759E-01      0.0000    
    78       0.889073104161E-01      0.0000    
    79       0.915961380440E-01      0.0000    
    80       0.920986390707E-01      0.0000    
    81       0.928133063187E-01      0.0000    
    82       0.968771216984E-01      0.0000    
    83       0.995971268803E-01      0.0000    
    84       0.104120149457          0.0000    
    85       0.104384978006          0.0000    
    86       0.107446221370          0.0000    
    87       0.119957896478          0.0000    
    88       0.120038139350          0.0000    
    89       0.120311657889          0.0000    
    90       0.126682275087          0.0000    
    91       0.127062928164          0.0000    
    92       0.127219873476          0.0000    
    93       0.138376888046          0.0000    
    94       0.153733031679          0.0000    
    95       0.154543049150          0.0000    
    96       0.155483338697          0.0000    
    97       0.155715481414          0.0000    
    98       0.155955086571          0.0000    
    99       0.156848930671          0.0000    
   100       0.157780898895          0.0000    
   101       0.158140238430          0.0000    
   102       0.160147273047          0.0000    
   103       0.161474098689          0.0000    
   104       0.162216000131          0.0000    
   105       0.163072823644          0.0000    
   106       0.174374387368          0.0000    
   107       0.176201379181          0.0000    
   108       0.176284918228          0.0000    
   109       0.176791117561          0.0000    
   110       0.178688013278          0.0000    
   111       0.178917924465          0.0000    
   112       0.179523073116          0.0000    
   113       0.179682729762          0.0000    
   114       0.180402204590          0.0000    
   115       0.180886790758          0.0000    
   116       0.181199225583          0.0000    
   117       0.182240261017          0.0000    
   118       0.182823932363          0.0000    
   119       0.184869399994          0.0000    
   120       0.185093946900          0.0000    
   121       0.185243709821          0.0000    
   122       0.185433744969          0.0000    
   123       0.206562514445          0.0000    
   124       0.214934142846          0.0000    
   125       0.215103932368          0.0000    
   126       0.236602213231          0.0000    
   127       0.244901273597          0.0000    
   128       0.246640392519          0.0000    
   129       0.247069805332          0.0000    
   130       0.248928641009          0.0000    
   131       0.250524399507          0.0000    
   132       0.251915872577          0.0000    
   133       0.258595240120          0.0000    
   134       0.258745571639          0.0000    
   135       0.265331050229          0.0000    
   136       0.265471031110          0.0000    
   137       0.267181328108          0.0000    
   138       0.268483065670          0.0000    
   139       0.269391323488          0.0000    
   140       0.270491542123          0.0000    
      3   140      0.080000000000      0.000000000000      0.000000000000     126
     1      -0.216973967242          0.0000    
     2      -0.182645420130          0.0000    
     3      -0.177410644564          0.0000    
     4      -0.176346854440          0.0000    
     5      -0.176257561327          0.0000    
     6      -0.173877124893          0.0000    
     7      -0.169403965073          0.0000    
     8      -0.146704997959          0.0000    
     9      -0.145817932599          0.0000    
    10      -0.145457002102          0.0000    
    11      -0.144371057123          0.0000    
    12      -0.141080533400          0.0000    
    13      -0.140396910501          0.0000    
    14      -0.138579046910          0.0000    
    15      -0.137134327185          0.0000    
    16      -0.135038712903          0.0000    
    17      -0.134929572232          0.0000    
    18      -0.134584994648          0.0000    
    19      -0.132554911092          0.0000    
    20      -0.128077738670          0.0000    
    21      -0.128015514052          0.0000    
    22      -0.125424773768          0.0000    
    23      -0.109500701942          0.0000    
    24      -0.727769872559E-01      0.0000    
    25      -0.630831059647E-01      0.0000    
    26      -0.628805444289E-01      0.0000    
    27      -0.621367078069E-01      0.0000    
    28      -0.616942285510E-01      0.0000    
    29      -0.599513431870E-01      0.0000    
    30      -0.598627794490E-01      0.0000    
    31      -0.593591329396E-01      0.0000    
    32      -0.567560747933E-01      0.0000    
    33      -0.544317457155E-01      0.0000    
    34      -0.531732070464E-01      0.0000    
    35      -0.522140212598E-01      0.0000    
    36      -0.510726447759E-01      0.0000    
    37      -0.474971904663E-01      0.0000    
    38      -0.468459567007E-01      0.0000    
    39      -0.464936373995E-01      0.0000    
    40      -0.455410266820E-01      0.0000    
    41      -0.349591706153E-01      0.0000    
    42      -0.336906210993E-01      0.0000    
    43      -0.304726729257E-01      0.0000    
    44      -0.304173082307E-01      0.0000    
    45      -0.139559833691E-01      0.0000    
    46       0.187874812512E-01      0.0000    
    47       0.195172042567E-01      0.0000    
    48       0.206376573263E-01      0.0000    
    49       0.208720477016E-01      0.0000    
    50       0.236084928735E-01      0.0000    
    51       0.254294132055E-01      0.0000    
    52       0.262428357096E-01      0.0000    
    53       0.299813890312E-01      0.0000    
    54       0.326148234605E-01      0.0000    
    55       0.337457955200E-01      0.0000    
    56       0.352453885019E-01      0.0000    
    57       0.610729349773E-01      0.0000    
    58       0.742447760006E-01      0.0000    
    59       0.760950555949E-01      0.0000    
    60       0.764406535150E-01      0.0000    
    61       0.767181420302E-01      0.0000    
    62       0.796413384814E-01      0.0000    
    63       0.801670698080E-01      0.0000    
    64       0.806217263710E-01      0.0000    
    65       0.807372341516E-01      0.0000    
    66       0.814154780771E-01      0.0000    
    67       0.827755512146E-01      0.0000    
    68       0.829586879462E-01      0.0000    
    69       0.841190856313E-01      0.0000    
    70       0.841275569665E-01      0.0000    
    71       0.859815770482E-01      0.0000    
    72       0.876352694825E-01      0.0000    
    73       0.876563127341E-01      0.0000    
    74       0.879170129588E-01      0.0000    
    75       0.881840802543E-01      0.0000    
    76       0.892931335304E-01      0.0000    
    77       0.900467026940E-01      0.0000    
    78       0.903023457504E-01      0.0000    
    79       0.915669783631E-01      0.0000    
    80       0.931805807353E-01      0.0000    
    81       0.944441543653E-01      0.0000    
    82       0.964314652325E-01      0.0000    
    83       0.988013106809E-01      0.0000    
    84       0.103344089914          0.0000    
    85       0.103931356985          0.0000    
    86       0.111673097722          0.0000    
    87       0.119323450008          0.0000    
    88       0.119623203443          0.0000    
    89       0.120073696810          0.0000    
    90       0.126513523796          0.0000    
    91       0.126557437701          0.0000    
    92       0.127201468737          0.0000    
    93       0.138435280468          0.0000    
    94       0.151622923446          0.0000    
    95       0.152362191788          0.0000    
    96       0.154831528536          0.0000    
    97       0.155564030129          0.0000    
    98       0.156428364791          0.0000    
    99       0.157490431172          0.0000    
   100       0.157507124377          0.0000    
   101       0.158221121139          0.0000    
   102       0.159470714475          0.0000    
   103       0.161341950745          0.0000    
   104       0.164132788222          0.0000    
   105       0.165173383266          0.0000    
   106       0.172626479461          0.0000    
   107       0.174616086009          0.0000    
   108       0.174864326973          0.0000    
   109       0.174929555023          0.0000    
   110       0.178143059988          0.0000    
   111       0.178705341404          0.0000    
   112       0.179417092511          0.0000    
   113       0.179565472434          0.0000    
   114       0.180758735498          0.0000    
   115       0.180928695531          0.0000    
   116       0.181219995459          0.0000    
   117       0.181989040795          0.0000    
   118       0.183193003788          0.0000    
   119       0.183548884349          0.0000    
   120       0.184650627628          0.0000    
   121       0.185116247559          0.0000    
   122       0.185464398914          0.0000    
   123       0.206190228507          0.0000    
   124       0.213956818470          0.0000    
   125       0.214525258491          0.0000    
   126       0.235716616111          0.0000    
   127       0.245622289780          0.0000    
   128       0.246124995227          0.0000    
   129       0.247533612072          0.0000    
   130       0.250116429637          0.0000    
   131       0.251169104468          0.0000    
   132       0.252967961975          0.0000    
   133       0.257908012975          0.0000    
   134       0.258441093260          0.0000    
   135       0.264487348555          0.0000    
   136       0.266820163330          0.0000    
   137       0.267764869469          0.0000    
   138       0.269729708884          0.0000    
   139       0.270550943816          0.0000    
   140       0.272608376441          0.0000    
      4   140      0.120000000000      0.000000000000      0.000000000000     126
     1      -0.216644407362          0.0000    
     2      -0.185518964856          0.0000    
     3      -0.177108517247          0.0000    
     4      -0.176046242229          0.0000    
     5      -0.175958959526          0.0000    
     6      -0.173537394181          0.0000    
     7      -0.166003410929          0.0000    
     8      -0.149145610701          0.0000    
     9      -0.148218200773          0.0000    
    10      -0.147965763770          0.0000    
    11      -0.146343814836          0.0000    
    12      -0.140945214573          0.0000    
    13      -0.140213051158          0.0000    
    14      -0.138290746908          0.0000    
    15      -0.136895002721          0.0000    
    16      -0.132892292162          0.0000    
    17      -0.132475243771          0.0000    
    18      -0.132381251117          0.0000    
    19      -0.130392944339          0.0000    
    20      -0.128036984851          0.0000    
    21      -0.127803774710          0.0000    
    22      -0.125113167062          0.0000    
    23      -0.109197245237          0.0000    
    24      -0.782175669462E-01      0.0000    
    25      -0.657109566090E-01      0.0000    
    26      -0.653682703249E-01      0.0000    
    27      -0.649272726249E-01      0.0000    
    28      -0.628608009289E-01      0.0000    
    29      -0.604849299597E-01      0.0000    
    30      -0.602895945362E-01      0.0000    
    31      -0.600003106174E-01      0.0000    
    32      -0.581975805717E-01      0.0000    
    33      -0.545572022328E-01      0.0000    
    34      -0.530601876323E-01      0.0000    
    35      -0.523993997060E-01      0.0000    
    36      -0.472819410860E-01      0.0000    
    37      -0.446087571977E-01      0.0000    
    38      -0.438262727004E-01      0.0000    
    39      -0.430685594502E-01      0.0000    
    40      -0.425717871884E-01      0.0000    
    41      -0.339687557192E-01      0.0000    
    42      -0.328616237633E-01      0.0000    
    43      -0.296644554139E-01      0.0000    
    44      -0.295815239518E-01      0.0000    
    45      -0.134285652380E-01      0.0000    
    46       0.154933802290E-01      0.0000    
    47       0.162036537542E-01      0.0000    
    48       0.176699887437E-01      0.0000    
    49       0.179494200468E-01      0.0000    
    50       0.213803923604E-01      0.0000    
    51       0.235294221493E-01      0.0000    
    52       0.245860838712E-01      0.0000    
    53       0.305154697083E-01      0.0000    
    54       0.360332062436E-01      0.0000    
    55       0.372071687261E-01      0.0000    
    56       0.386267900836E-01      0.0000    
    57       0.603647856355E-01      0.0000    
    58       0.725174805868E-01      0.0000    
    59       0.743162944292E-01      0.0000    
    60       0.744049922225E-01      0.0000    
    61       0.750600048087E-01      0.0000    
    62       0.779486114820E-01      0.0000    
    63       0.789059410751E-01      0.0000    
    64       0.792590082325E-01      0.0000    
    65       0.797350267625E-01      0.0000    
    66       0.811110666191E-01      0.0000    
    67       0.828135786743E-01      0.0000    
    68       0.829639691351E-01      0.0000    
    69       0.842979906032E-01      0.0000    
    70       0.847050147443E-01      0.0000    
    71       0.873314709570E-01      0.0000    
    72       0.886323389440E-01      0.0000    
    73       0.898177587622E-01      0.0000    
    74       0.906339947908E-01      0.0000    
    75       0.912085951161E-01      0.0000    
    76       0.913540623463E-01      0.0000    
    77       0.921307853743E-01      0.0000    
    78       0.928885866502E-01      0.0000    
    79       0.942425779134E-01      0.0000    
    80       0.948911875385E-01      0.0000    
    81       0.964642119074E-01      0.0000    
    82       0.974132050668E-01      0.0000    
    83       0.984983667294E-01      0.0000    
    84       0.102197629272          0.0000    
    85       0.103462741612          0.0000    
    86       0.115369379939          0.0000    
    87       0.118308590656          0.0000    
    88       0.118918172566          0.0000    
    89       0.119578645687          0.0000    
    90       0.125722209931          0.0000    
    91       0.126354427634          0.0000    
    92       0.127238723606          0.0000    
    93       0.139012469245          0.0000    
    94       0.149375741154          0.0000    
    95       0.150011471358          0.0000    
    96       0.153579112314          0.0000    
    97       0.154812653016          0.0000    
    98       0.156236525491          0.0000    
    99       0.156669520519          0.0000    
   100       0.157574461943          0.0000    
   101       0.158900190155          0.0000    
   102       0.159430442784          0.0000    
   103       0.161478017792          0.0000    
   104       0.166478117126          0.0000    
   105       0.167628266516          0.0000    
   106       0.170163781204          0.0000    
   107       0.172468545716          0.0000    
   108       0.172518155837          0.0000    
   109       0.172949315517          0.0000    
   110       0.176931042975          0.0000    
   111       0.177635981000          0.0000    
   112       0.179407811392          0.0000    
   113       0.179439645103          0.0000    
   114       0.180667158084          0.0000    
   115       0.180904839634          0.0000    
   116       0.181106603089          0.0000    
   117       0.181356579345          0.0000    
   118       0.181526847654          0.0000    
   119       0.183635807150          0.0000    
   120       0.184350053818          0.0000    
   121       0.184948476803          0.0000    
   122       0.185462779545          0.0000    
   123       0.205628487828          0.0000    
   124       0.212395948393          0.0000    
   125       0.213618275943          0.0000    
   126       0.234313117064          0.0000    
   127       0.245178092146          0.0000    
   128       0.246798879521          0.0000    
   129       0.248010004550          0.0000    
   130       0.251878041119          0.0000    
   131       0.252041648629          0.0000    
   132       0.254689197551          0.0000    
   133       0.257444726715          0.0000    
   134       0.258441411715          0.0000    
   135       0.262975969775          0.0000    
   136       0.269110695788          0.0000    
   137       0.269695682268          0.0000    
   138       0.271760011509          0.0000    
   139       0.272483546814          0.0000    
   140       0.274958681400          0.0000    
      5   140      0.160000000000      0.000000000000      0.000000000000     126
     1      -0.216183322289          0.0000    
     2      -0.188284958240          0.0000    
     3      -0.176686025381          0.0000    
     4      -0.175625509547          0.0000    
     5      -0.175541612430          0.0000    
     6      -0.173138936951          0.0000    
     7      -0.162428140654          0.0000    
     8      -0.151546652331          0.0000    
     9      -0.150582054083          0.0000    
    10      -0.150403009329          0.0000    
    11      -0.148366649218          0.0000    
    12      -0.140704116732          0.0000    
    13      -0.139973231054          0.0000    
    14      -0.138008571455          0.0000    
    15      -0.136702264056          0.0000    
    16      -0.131499840397          0.0000    
    17      -0.131012426695          0.0000    
    18      -0.130516918284          0.0000    
    19      -0.128066211300          0.0000    
    20      -0.127279750359          0.0000    
    21      -0.126802941560          0.0000    
    22      -0.124215826253          0.0000    
    23      -0.108699090442          0.0000    
    24      -0.835937799118E-01      0.0000    
    25      -0.689595332843E-01      0.0000    
    26      -0.686235519720E-01      0.0000    
    27      -0.682219286022E-01      0.0000    
    28      -0.647231060505E-01      0.0000    
    29      -0.605647148949E-01      0.0000    
    30      -0.602541544542E-01      0.0000    
    31      -0.601044804146E-01      0.0000    
    32      -0.589581272769E-01      0.0000    
    33      -0.547491994757E-01      0.0000    
    34      -0.530804467560E-01      0.0000    
    35      -0.526132897767E-01      0.0000    
    36      -0.455118897228E-01      0.0000    
    37      -0.409980848796E-01      0.0000    
    38      -0.407340720982E-01      0.0000    
    39      -0.394923165368E-01      0.0000    
    40      -0.386942591884E-01      0.0000    
    41      -0.324663370389E-01      0.0000    
    42      -0.317097647992E-01      0.0000    
    43      -0.285434457445E-01      0.0000    
    44      -0.284212358333E-01      0.0000    
    45      -0.126887380263E-01      0.0000    
    46       0.122285874361E-01      0.0000    
    47       0.128946538100E-01      0.0000    
    48       0.144506107815E-01      0.0000    
    49       0.150641557704E-01      0.0000    
    50       0.185916066315E-01      0.0000    
    51       0.210549267169E-01      0.0000    
    52       0.220937095642E-01      0.0000    
    53       0.307617185701E-01      0.0000    
    54       0.395293204468E-01      0.0000    
    55       0.407293371079E-01      0.0000    
    56       0.420870478851E-01      0.0000    
    57       0.595610794281E-01      0.0000    
    58       0.710676579190E-01      0.0000    
    59       0.722673517592E-01      0.0000    
    60       0.726507007220E-01      0.0000    
    61       0.734695475068E-01      0.0000    
    62       0.757881427434E-01      0.0000    
    63       0.771241527890E-01      0.0000    
    64       0.774992154902E-01      0.0000    
    65       0.783893058035E-01      0.0000    
    66       0.799776375909E-01      0.0000    
    67       0.818622030578E-01      0.0000    
    68       0.833938673684E-01      0.0000    
    69       0.846455872732E-01      0.0000    
    70       0.848804920242E-01      0.0000    
    71       0.905019533572E-01      0.0000    
    72       0.918902051657E-01      0.0000    
    73       0.926418255248E-01      0.0000    
    74       0.936520753307E-01      0.0000    
    75       0.943044105374E-01      0.0000    
    76       0.945477847919E-01      0.0000    
    77       0.952202969207E-01      0.0000    
    78       0.955187193993E-01      0.0000    
    79       0.960989476542E-01      0.0000    
    80       0.961888365580E-01      0.0000    
    81       0.973782212988E-01      0.0000    
    82       0.982040083064E-01      0.0000    
    83       0.100775854250          0.0000    
    84       0.101330175401          0.0000    
    85       0.103573607865          0.0000    
    86       0.116837897582          0.0000    
    87       0.117916193351          0.0000    
    88       0.118224407862          0.0000    
    89       0.118754695194          0.0000    
    90       0.124550944044          0.0000    
    91       0.126332292880          0.0000    
    92       0.127396135533          0.0000    
    93       0.140620320305          0.0000    
    94       0.147099001193          0.0000    
    95       0.147639673201          0.0000    
    96       0.151778244577          0.0000    
    97       0.153308990005          0.0000    
    98       0.154595952292          0.0000    
    99       0.154948303321          0.0000    
   100       0.158621571150          0.0000    
   101       0.159546074834          0.0000    
   102       0.160260295329          0.0000    
   103       0.161588487495          0.0000    
   104       0.167331525434          0.0000    
   105       0.168912761109          0.0000    
   106       0.169498576825          0.0000    
   107       0.169733958694          0.0000    
   108       0.170243258700          0.0000    
   109       0.171263290568          0.0000    
   110       0.174405777427          0.0000    
   111       0.176759158453          0.0000    
   112       0.178347367233          0.0000    
   113       0.178479271025          0.0000    
   114       0.179588114145          0.0000    
   115       0.179942292936          0.0000    
   116       0.180650053223          0.0000    
   117       0.181135164727          0.0000    
   118       0.181538554406          0.0000    
   119       0.183874459478          0.0000    
   120       0.184205806624          0.0000    
   121       0.184735646698          0.0000    
   122       0.185417587268          0.0000    
   123       0.204940119352          0.0000    
   124       0.210356559595          0.0000    
   125       0.212426501421          0.0000    
   126       0.232476919693          0.0000    
   127       0.244172973461          0.0000    
   128       0.247273259284          0.0000    
   129       0.248090225942          0.0000    
   130       0.253012230955          0.0000    
   131       0.254649120623          0.0000    
   132       0.256704960531          0.0000    
   133       0.257881939050          0.0000    
   134       0.259272317130          0.0000    
   135       0.261735926326          0.0000    
   136       0.272094410251          0.0000    
   137       0.272416770564          0.0000    
   138       0.274509338006          0.0000    
   139       0.275150663710          0.0000    
   140       0.277480190676          0.0000    
      6   140      0.200000000000      0.000000000000      0.000000000000     126
     1      -0.215591060069          0.0000    
     2      -0.190933419954          0.0000    
     3      -0.176143711159          0.0000    
     4      -0.175085546753          0.0000    
     5      -0.175006328087          0.0000    
     6      -0.172651877939          0.0000    
     7      -0.158725172522          0.0000    
     8      -0.153871593068          0.0000    
     9      -0.152873383047          0.0000    
    10      -0.152746704325          0.0000    
    11      -0.150370671090          0.0000    
    12      -0.140382485394          0.0000    
    13      -0.139675903409          0.0000    
    14      -0.137684270594          0.0000    
    15      -0.136517168096          0.0000    
    16      -0.131112920006          0.0000    
    17      -0.130574206029          0.0000    
    18      -0.129664308276          0.0000    
    19      -0.127007290858          0.0000    
    20      -0.124558087401          0.0000    
    21      -0.124457893827          0.0000    
    22      -0.122409075522          0.0000    
    23      -0.107946977096          0.0000    
    24      -0.888880127114E-01      0.0000    
    25      -0.724087471015E-01      0.0000    
    26      -0.720687297656E-01      0.0000    
    27      -0.716655093186E-01      0.0000    
    28      -0.671691558538E-01      0.0000    
    29      -0.604656519666E-01      0.0000    
    30      -0.601301482756E-01      0.0000    
    31      -0.600421794604E-01      0.0000    
    32      -0.592692897564E-01      0.0000    
    33      -0.549960088318E-01      0.0000    
    34      -0.531799597370E-01      0.0000    
    35      -0.528441362908E-01      0.0000    
    36      -0.443591798192E-01      0.0000    
    37      -0.376909757263E-01      0.0000    
    38      -0.376409008198E-01      0.0000    
    39      -0.363877843857E-01      0.0000    
    40      -0.342434508846E-01      0.0000    
    41      -0.302473470105E-01      0.0000    
    42      -0.301507754356E-01      0.0000    
    43      -0.270840074405E-01      0.0000    
    44      -0.269538252126E-01      0.0000    
    45      -0.117221758412E-01      0.0000    
    46       0.899683720883E-02      0.0000    
    47       0.960525187860E-02      0.0000    
    48       0.112460893309E-01      0.0000    
    49       0.120334232688E-01      0.0000    
    50       0.154171520374E-01      0.0000    
    51       0.181624735143E-01      0.0000    
    52       0.191315827429E-01      0.0000    
    53       0.305607264537E-01      0.0000    
    54       0.430594538760E-01      0.0000    
    55       0.442819830839E-01      0.0000    
    56       0.455887977918E-01      0.0000    
    57       0.584649290252E-01      0.0000    
    58       0.694882601600E-01      0.0000    
    59       0.702776904173E-01      0.0000    
    60       0.711611308647E-01      0.0000    
    61       0.720374724720E-01      0.0000    
    62       0.734746293207E-01      0.0000    
    63       0.752020313992E-01      0.0000    
    64       0.760599806256E-01      0.0000    
    65       0.769862371519E-01      0.0000    
    66       0.769967642427E-01      0.0000    
    67       0.828752193661E-01      0.0000    
    68       0.843008090652E-01      0.0000    
    69       0.857300086704E-01      0.0000    
    70       0.857682752785E-01      0.0000    
    71       0.930023390027E-01      0.0000    
    72       0.938579618088E-01      0.0000    
    73       0.945369175963E-01      0.0000    
    74       0.958727564264E-01      0.0000    
    75       0.965516194191E-01      0.0000    
    76       0.972453386866E-01      0.0000    
    77       0.979029459563E-01      0.0000    
    78       0.979819583922E-01      0.0000    
    79       0.983938166533E-01      0.0000    
    80       0.992324751430E-01      0.0000    
    81       0.992556625380E-01      0.0000    
    82       0.100448228975          0.0000    
    83       0.102736532395          0.0000    
    84       0.103032726030          0.0000    
    85       0.104777189055          0.0000    
    86       0.115228614380          0.0000    
    87       0.116673249408          0.0000    
    88       0.117598863161          0.0000    
    89       0.120059218262          0.0000    
    90       0.123073000179          0.0000    
    91       0.126531076327          0.0000    
    92       0.127714427161          0.0000    
    93       0.143454597575          0.0000    
    94       0.144839462784          0.0000    
    95       0.145289576190          0.0000    
    96       0.149525935492          0.0000    
    97       0.151232550405          0.0000    
    98       0.152316021196          0.0000    
    99       0.152730225451          0.0000    
   100       0.159831048204          0.0000    
   101       0.159982795669          0.0000    
   102       0.160653409661          0.0000    
   103       0.161155376546          0.0000    
   104       0.164362520969          0.0000    
   105       0.166633461054          0.0000    
   106       0.167805501026          0.0000    
   107       0.168559846565          0.0000    
   108       0.170787032466          0.0000    
   109       0.171611068900          0.0000    
   110       0.173293824448          0.0000    
   111       0.174311583351          0.0000    
   112       0.176291292212          0.0000    
   113       0.176537891699          0.0000    
   114       0.179279207579          0.0000    
   115       0.179806138763          0.0000    
   116       0.180647083727          0.0000    
   117       0.181126255204          0.0000    
   118       0.181484379742          0.0000    
   119       0.183879161364          0.0000    
   120       0.184071756723          0.0000    
   121       0.184476780228          0.0000    
   122       0.185323917000          0.0000    
   123       0.204180304998          0.0000    
   124       0.207940451068          0.0000    
   125       0.210997695128          0.0000    
   126       0.230303171051          0.0000    
   127       0.242728727830          0.0000    
   128       0.246886296856          0.0000    
   129       0.247557069117          0.0000    
   130       0.255211153413          0.0000    
   131       0.256901245006          0.0000    
   132       0.257884892625          0.0000    
   133       0.260567013472          0.0000    
   134       0.261226899650          0.0000    
   135       0.261624225705          0.0000    
   136       0.275688662241          0.0000    
   137       0.275792345926          0.0000    
   138       0.277901293445          0.0000    
   139       0.278483748404          0.0000    
   140       0.280136335601          0.0000    
      7   140      0.240000000000      0.000000000000      0.000000000000     126
     1      -0.214868163661          0.0000    
     2      -0.193459628153          0.0000    
     3      -0.175482375988          0.0000    
     4      -0.174427464562          0.0000    
     5      -0.174354363722          0.0000    
     6      -0.172074183823          0.0000    
     7      -0.156105380124          0.0000    
     8      -0.155128313056          0.0000    
     9      -0.155076176680          0.0000    
    10      -0.154773928465          0.0000    
    11      -0.152313241705          0.0000    
    12      -0.139990078367          0.0000    
    13      -0.139324301284          0.0000    
    14      -0.137310434259          0.0000    
    15      -0.136330285565          0.0000    
    16      -0.131315281302          0.0000    
    17      -0.130710641605          0.0000    
    18      -0.129581819339          0.0000    
    19      -0.125939638328          0.0000    
    20      -0.121649617634          0.0000    
    21      -0.121303120029          0.0000    
    22      -0.119875993202          0.0000    
    23      -0.106898747392          0.0000    
    24      -0.940740671443E-01      0.0000    
    25      -0.759483511305E-01      0.0000    
    26      -0.755939951509E-01      0.0000    
    27      -0.751826466667E-01      0.0000    
    28      -0.699031170115E-01      0.0000    
    29      -0.602735961894E-01      0.0000    
    30      -0.599655742781E-01      0.0000    
    31      -0.599090733382E-01      0.0000    
    32      -0.593908917194E-01      0.0000    
    33      -0.552899182429E-01      0.0000    
    34      -0.533309541325E-01      0.0000    
    35      -0.530889312165E-01      0.0000    
    36      -0.435017542209E-01      0.0000    
    37      -0.345710572602E-01      0.0000    
    38      -0.344982536700E-01      0.0000    
    39      -0.332917490167E-01      0.0000    
    40      -0.308835655319E-01      0.0000    
    41      -0.284800690353E-01      0.0000    
    42      -0.268029623579E-01      0.0000    
    43      -0.252034370635E-01      0.0000    
    44      -0.250126973048E-01      0.0000    
    45      -0.104804292505E-01      0.0000    
    46       0.579844557011E-02      0.0000    
    47       0.633923152287E-02      0.0000    
    48       0.806988708280E-02      0.0000    
    49       0.889738844860E-02      0.0000    
    50       0.119953221590E-01      0.0000    
    51       0.149927563586E-01      0.0000    
    52       0.159013672734E-01      0.0000    
    53       0.299270408002E-01      0.0000    
    54       0.466060031136E-01      0.0000    
    55       0.478467587425E-01      0.0000    
    56       0.491122589874E-01      0.0000    
    57       0.564912235448E-01      0.0000    
    58       0.671360016173E-01      0.0000    
    59       0.694090341880E-01      0.0000    
    60       0.698668906758E-01      0.0000    
    61       0.708004582091E-01      0.0000    
    62       0.716964004336E-01      0.0000    
    63       0.735068819861E-01      0.0000    
    64       0.746837262473E-01      0.0000    
    65       0.747953508247E-01      0.0000    
    66       0.756655326169E-01      0.0000    
    67       0.841214907801E-01      0.0000    
    68       0.854028866120E-01      0.0000    
    69       0.868929171358E-01      0.0000    
    70       0.870881583414E-01      0.0000    
    71       0.909291987981E-01      0.0000    
    72       0.926554489911E-01      0.0000    
    73       0.949087153749E-01      0.0000    
    74       0.980349542375E-01      0.0000    
    75       0.100091028967          0.0000    
    76       0.100855161386          0.0000    
    77       0.101218930239          0.0000    
    78       0.101734954886          0.0000    
    79       0.102063994946          0.0000    
    80       0.102605433286          0.0000    
    81       0.102753898785          0.0000    
    82       0.103940189728          0.0000    
    83       0.104888760023          0.0000    
    84       0.105362252765          0.0000    
    85       0.106701012141          0.0000    
    86       0.113414006186          0.0000    
    87       0.115367159954          0.0000    
    88       0.116229081769          0.0000    
    89       0.120764006717          0.0000    
    90       0.122247107149          0.0000    
    91       0.126971300985          0.0000    
    92       0.128203980427          0.0000    
    93       0.142615785134          0.0000    
    94       0.142974554407          0.0000    
    95       0.146686318654          0.0000    
    96       0.147357053643          0.0000    
    97       0.148746614930          0.0000    
    98       0.149716885189          0.0000    
    99       0.150149850216          0.0000    
   100       0.157875595649          0.0000    
   101       0.159432577325          0.0000    
   102       0.160183512143          0.0000    
   103       0.160793305558          0.0000    
   104       0.162227108499          0.0000    
   105       0.164336814913          0.0000    
   106       0.165944232620          0.0000    
   107       0.167833258829          0.0000    
   108       0.167913640024          0.0000    
   109       0.170483453748          0.0000    
   110       0.171671738300          0.0000    
   111       0.175107790349          0.0000    
   112       0.175479970671          0.0000    
   113       0.176081630029          0.0000    
   114       0.179263738623          0.0000    
   115       0.179827708477          0.0000    
   116       0.180725696155          0.0000    
   117       0.180958618236          0.0000    
   118       0.181375254125          0.0000    
   119       0.183684111335          0.0000    
   120       0.183933233809          0.0000    
   121       0.184181374240          0.0000    
   122       0.185185442653          0.0000    
   123       0.203387638788          0.0000    
   124       0.205231873187          0.0000    
   125       0.209372459274          0.0000    
   126       0.227892473948          0.0000    
   127       0.240711810169          0.0000    
   128       0.246335155139          0.0000    
   129       0.246560621881          0.0000    
   130       0.255634411666          0.0000    
   131       0.258560180565          0.0000    
   132       0.261692359594          0.0000    
   133       0.262959559865          0.0000    
   134       0.264207274312          0.0000    
   135       0.264281974911          0.0000    
   136       0.279715684524          0.0000    
   137       0.279816865425          0.0000    
   138       0.281845680385          0.0000    
   139       0.282402392610          0.0000    
   140       0.282926227924          0.0000    
      8   140      0.280000000000      0.000000000000      0.000000000000     126
     1      -0.214015508714          0.0000    
     2      -0.195860441667          0.0000    
     3      -0.174703225229          0.0000    
     4      -0.173652977315          0.0000    
     5      -0.173587742332          0.0000    
     6      -0.171412521707          0.0000    
     7      -0.158239270157          0.0000    
     8      -0.157181967433          0.0000    
     9      -0.157143723766          0.0000    
    10      -0.154178864298          0.0000    
    11      -0.150970822686          0.0000    
    12      -0.139533876454          0.0000    
    13      -0.138924472600          0.0000    
    14      -0.136891324169          0.0000    
    15      -0.136144118971          0.0000    
    16      -0.131764100685          0.0000    
    17      -0.131078935319          0.0000    
    18      -0.129861466245          0.0000    
    19      -0.125019401712          0.0000    
    20      -0.118486933152          0.0000    
    21      -0.118041415734          0.0000    
    22      -0.116949279351          0.0000    
    23      -0.105605905915          0.0000    
    24      -0.990616770370E-01      0.0000    
    25      -0.795381125952E-01      0.0000    
    26      -0.791634297610E-01      0.0000    
    27      -0.787422580863E-01      0.0000    
    28      -0.727730256267E-01      0.0000    
    29      -0.600225440680E-01      0.0000    
    30      -0.597794789609E-01      0.0000    
    31      -0.597399299487E-01      0.0000    
    32      -0.594304192777E-01      0.0000    
    33      -0.556237034536E-01      0.0000    
    34      -0.535140043559E-01      0.0000    
    35      -0.533415760472E-01      0.0000    
    36      -0.428587987609E-01      0.0000    
    37      -0.315179945865E-01      0.0000    
    38      -0.313624899517E-01      0.0000    
    39      -0.302182514359E-01      0.0000    
    40      -0.282419098397E-01      0.0000    
    41      -0.264331202969E-01      0.0000    
    42      -0.241338447685E-01      0.0000    
    43      -0.231964610665E-01      0.0000    
    44      -0.213821595568E-01      0.0000    
    45      -0.883622492812E-02      0.0000    
    46       0.263265366167E-02      0.0000    
    47       0.309706596175E-02      0.0000    
    48       0.493006985377E-02      0.0000    
    49       0.569422120325E-02      0.0000    
    50       0.843273276950E-02      0.0000    
    51       0.116619991307E-01      0.0000    
    52       0.125483433763E-01      0.0000    
    53       0.289405170381E-01      0.0000    
    54       0.501119039404E-01      0.0000    
    55       0.514036497921E-01      0.0000    
    56       0.526395317892E-01      0.0000    
    57       0.532014223651E-01      0.0000    
    58       0.655720801094E-01      0.0000    
    59       0.687722419535E-01      0.0000    
    60       0.689171564905E-01      0.0000    
    61       0.697752909863E-01      0.0000    
    62       0.706153650525E-01      0.0000    
    63       0.720001918867E-01      0.0000    
    64       0.730529328218E-01      0.0000    
    65       0.734273674515E-01      0.0000    
    66       0.744775677296E-01      0.0000    
    67       0.855487270520E-01      0.0000    
    68       0.865005237605E-01      0.0000    
    69       0.881805254276E-01      0.0000    
    70       0.881922533956E-01      0.0000    
    71       0.887725380554E-01      0.0000    
    72       0.904628660495E-01      0.0000    
    73       0.927301009241E-01      0.0000    
    74       0.101942802267          0.0000    
    75       0.104186299671          0.0000    
    76       0.104516228589          0.0000    
    77       0.104653847551          0.0000    
    78       0.105494019186          0.0000    
    79       0.105556237401          0.0000    
    80       0.106344674269          0.0000    
    81       0.106366812614          0.0000    
    82       0.106653837789          0.0000    
    83       0.108083880336          0.0000    
    84       0.108131886522          0.0000    
    85       0.108498170903          0.0000    
    86       0.111774334837          0.0000    
    87       0.114427117605          0.0000    
    88       0.115103263419          0.0000    
    89       0.119001486975          0.0000    
    90       0.124167531297          0.0000    
    91       0.127639192730          0.0000    
    92       0.128851022195          0.0000    
    93       0.140425617613          0.0000    
    94       0.140700533683          0.0000    
    95       0.143944170311          0.0000    
    96       0.145968963781          0.0000    
    97       0.146382389387          0.0000    
    98       0.147294348166          0.0000    
    99       0.151715332700          0.0000    
   100       0.154251392456          0.0000    
   101       0.156857307249          0.0000    
   102       0.157137249040          0.0000    
   103       0.157942003849          0.0000    
   104       0.162413479865          0.0000    
   105       0.163333538913          0.0000    
   106       0.163657800177          0.0000    
   107       0.166084184980          0.0000    
   108       0.167033103333          0.0000    
   109       0.167250976172          0.0000    
   110       0.170204191396          0.0000    
   111       0.174259680521          0.0000    
   112       0.177395110757          0.0000    
   113       0.178032924190          0.0000    
   114       0.179346357124          0.0000    
   115       0.179973544431          0.0000    
   116       0.180480642812          0.0000    
   117       0.180958353691          0.0000    
   118       0.181380386279          0.0000    
   119       0.183437157459          0.0000    
   120       0.183870647602          0.0000    
   121       0.183960518798          0.0000    
   122       0.185012897918          0.0000    
   123       0.202287979625          0.0000    
   124       0.202583083274          0.0000    
   125       0.207583569261          0.0000    
   126       0.225351167463          0.0000    
   127       0.238299506889          0.0000    
   128       0.245359720562          0.0000    
   129       0.246004053341          0.0000    
   130       0.254254630044          0.0000    
   131       0.262101271840          0.0000    
   132       0.265357512343          0.0000    
   133       0.266016066069          0.0000    
   134       0.267991241730          0.0000    
   135       0.268531986025          0.0000    
   136       0.283998976555          0.0000    
   137       0.284401991481          0.0000    
   138       0.285805682962          0.0000    
   139       0.286391506155          0.0000    
   140       0.286826888851          0.0000    
      9   140      0.320000000000      0.000000000000      0.000000000000     126
     1      -0.213034623002          0.0000    
     2      -0.198132927082          0.0000    
     3      -0.173808190548          0.0000    
     4      -0.172765048521          0.0000    
     5      -0.172709991464          0.0000    
     6      -0.170681136911          0.0000    
     7      -0.160266483574          0.0000    
     8      -0.159182625821          0.0000    
     9      -0.159171709012          0.0000    
    10      -0.155917160621          0.0000    
    11      -0.146972690197          0.0000    
    12      -0.139021237600          0.0000    
    13      -0.138484596026          0.0000    
    14      -0.136440194424          0.0000    
    15      -0.135966623401          0.0000    
    16      -0.132318510857          0.0000    
    17      -0.131534585712          0.0000    
    18      -0.130319691030          0.0000    
    19      -0.124344779537          0.0000    
    20      -0.115191627644          0.0000    
    21      -0.114703715712          0.0000    
    22      -0.113808696301          0.0000    
    23      -0.105400501161          0.0000    
    24      -0.102523708734          0.0000    
    25      -0.831567358052E-01      0.0000    
    26      -0.827583564381E-01      0.0000    
    27      -0.823259068293E-01      0.0000    
    28      -0.756922161611E-01      0.0000    
    29      -0.597374854940E-01      0.0000    
    30      -0.595874673382E-01      0.0000    
    31      -0.595554698032E-01      0.0000    
    32      -0.594203072379E-01      0.0000    
    33      -0.559896711297E-01      0.0000    
    34      -0.537115574393E-01      0.0000    
    35      -0.535920456635E-01      0.0000    
    36      -0.423826284343E-01      0.0000    
    37      -0.284798904318E-01      0.0000    
    38      -0.282610126836E-01      0.0000    
    39      -0.271726967840E-01      0.0000    
    40      -0.256806161890E-01      0.0000    
    41      -0.241297068700E-01      0.0000    
    42      -0.219297699072E-01      0.0000    
    43      -0.209739694177E-01      0.0000    
    44      -0.175175763709E-01      0.0000    
    45      -0.655286088144E-02      0.0000    
    46      -0.500411577015E-03      0.0000    
    47      -0.121340354578E-03      0.0000    
    48       0.183657163352E-02      0.0000    
    49       0.247167670246E-02      0.0000    
    50       0.481200741369E-02      0.0000    
    51       0.826515095248E-02      0.0000    
    52       0.920673278637E-02      0.0000    
    53       0.276794550960E-01      0.0000    
    54       0.487479918945E-01      0.0000    
    55       0.538162686173E-01      0.0000    
    56       0.549242835582E-01      0.0000    
    57       0.561463947736E-01      0.0000    
    58       0.648840687035E-01      0.0000    
    59       0.678749547406E-01      0.0000    
    60       0.684639436261E-01      0.0000    
    61       0.689751972269E-01      0.0000    
    62       0.701003966366E-01      0.0000    
    63       0.707906906504E-01      0.0000    
    64       0.716671698828E-01      0.0000    
    65       0.723255049572E-01      0.0000    
    66       0.734531779593E-01      0.0000    
    67       0.852153727498E-01      0.0000    
    68       0.866623149757E-01      0.0000    
    69       0.873881064883E-01      0.0000    
    70       0.879546165158E-01      0.0000    
    71       0.895489557888E-01      0.0000    
    72       0.903698072665E-01      0.0000    
    73       0.913965065382E-01      0.0000    
    74       0.105041496085          0.0000    
    75       0.106096816286          0.0000    
    76       0.106761232596          0.0000    
    77       0.107325958132          0.0000    
    78       0.107964662277          0.0000    
    79       0.109196368036          0.0000    
    80       0.109476417273          0.0000    
    81       0.109994732720          0.0000    
    82       0.110056501580          0.0000    
    83       0.110436871630          0.0000    
    84       0.110968819114          0.0000    
    85       0.112042318068          0.0000    
    86       0.112865701011          0.0000    
    87       0.114402740504          0.0000    
    88       0.115875683641          0.0000    
    89       0.117221156798          0.0000    
    90       0.126993941969          0.0000    
    91       0.128513839080          0.0000    
    92       0.129614579472          0.0000    
    93       0.138228289524          0.0000    
    94       0.138491724998          0.0000    
    95       0.140804585994          0.0000    
    96       0.143006538621          0.0000    
    97       0.143139672602          0.0000    
    98       0.144242707308          0.0000    
    99       0.150050724105          0.0000    
   100       0.152487360759          0.0000    
   101       0.153644334631          0.0000    
   102       0.154306100178          0.0000    
   103       0.156389836557          0.0000    
   104       0.158133711927          0.0000    
   105       0.161364321830          0.0000    
   106       0.161390094668          0.0000    
   107       0.164339738943          0.0000    
   108       0.166190627285          0.0000    
   109       0.168149338526          0.0000    
   110       0.169843706852          0.0000    
   111       0.174390767163          0.0000    
   112       0.178950001189          0.0000    
   113       0.179135580219          0.0000    
   114       0.179292428940          0.0000    
   115       0.179949087255          0.0000    
   116       0.180287079359          0.0000    
   117       0.181214765547          0.0000    
   118       0.181421901770          0.0000    
   119       0.183528518870          0.0000    
   120       0.183574576566          0.0000    
   121       0.184820061222          0.0000    
   122       0.184829182047          0.0000    
   123       0.199141852413          0.0000    
   124       0.201769266563          0.0000    
   125       0.205660968279          0.0000    
   126       0.222796616901          0.0000    
   127       0.235799524657          0.0000    
   128       0.244151148922          0.0000    
   129       0.245914417472          0.0000    
   130       0.252829768322          0.0000    
   131       0.265515736726          0.0000    
   132       0.268856877379          0.0000    
   133       0.270801370555          0.0000    
   134       0.272404711945          0.0000    
   135       0.273262040660          0.0000    
   136       0.287866525313          0.0000    
   137       0.289364836490          0.0000    
   138       0.289703005311          0.0000    
   139       0.291185144853          0.0000    
   140       0.291682542288          0.0000    
     10   140      0.360000000000      0.000000000000      0.000000000000     126
     1      -0.211928538585          0.0000    
     2      -0.200273110835          0.0000    
     3      -0.172800746542          0.0000    
     4      -0.171769612189          0.0000    
     5      -0.171728128736          0.0000    
     6      -0.169905861793          0.0000    
     7      -0.162179351347          0.0000    
     8      -0.161087702835          0.0000    
     9      -0.161066052862          0.0000    
    10      -0.157504518501          0.0000    
    11      -0.142931792523          0.0000    
    12      -0.138461667269          0.0000    
    13      -0.138010411213          0.0000    
    14      -0.135987638244          0.0000    
    15      -0.135807974113          0.0000    
    16      -0.132896141237          0.0000    
    17      -0.131993849711          0.0000    
    18      -0.130872162467          0.0000    
    19      -0.123920655390          0.0000    
    20      -0.111807326556          0.0000    
    21      -0.111314964796          0.0000    
    22      -0.110535413530          0.0000    
    23      -0.109509069101          0.0000    
    24      -0.101268720478          0.0000    
    25      -0.867893592358E-01      0.0000    
    26      -0.863653565515E-01      0.0000    
    27      -0.859197372402E-01      0.0000    
    28      -0.785841387056E-01      0.0000    
    29      -0.595174010952E-01      0.0000    
    30      -0.594021126516E-01      0.0000    
    31      -0.593749024662E-01      0.0000    
    32      -0.592927693594E-01      0.0000    
    33      -0.563791447396E-01      0.0000    
    34      -0.539055026217E-01      0.0000    
    35      -0.538265235849E-01      0.0000    
    36      -0.420385785583E-01      0.0000    
    37      -0.254480668198E-01      0.0000    
    38      -0.251859124494E-01      0.0000    
    39      -0.241581059623E-01      0.0000    
    40      -0.230417603823E-01      0.0000    
    41      -0.216051757163E-01      0.0000    
    42      -0.196839711957E-01      0.0000    
    43      -0.185916618890E-01      0.0000    
    44      -0.145628183260E-01      0.0000    
    45      -0.382311929075E-02      0.0000    
    46      -0.341994005239E-02      0.0000    
    47      -0.331271784245E-02      0.0000    
    48      -0.118904722753E-02      0.0000    
    49      -0.576931917734E-03      0.0000    
    50       0.120004479296E-02      0.0000    
    51       0.488554155225E-02      0.0000    
    52       0.608925289175E-02      0.0000    
    53       0.261642414633E-01      0.0000    
    54       0.442405140686E-01      0.0000    
    55       0.573190033313E-01      0.0000    
    56       0.583571671875E-01      0.0000    
    57       0.595840702903E-01      0.0000    
    58       0.646594253375E-01      0.0000    
    59       0.671692822469E-01      0.0000    
    60       0.679917715401E-01      0.0000    
    61       0.684295444147E-01      0.0000    
    62       0.692138852783E-01      0.0000    
    63       0.702068303372E-01      0.0000    
    64       0.710529438915E-01      0.0000    
    65       0.714019932877E-01      0.0000    
    66       0.726150188611E-01      0.0000    
    67       0.822168592764E-01      0.0000    
    68       0.844544255880E-01      0.0000    
    69       0.855131086557E-01      0.0000    
    70       0.891630459679E-01      0.0000    
    71       0.910550581575E-01      0.0000    
    72       0.921219362574E-01      0.0000    
    73       0.921369366177E-01      0.0000    
    74       0.104678139163          0.0000    
    75       0.105875745270          0.0000    
    76       0.106180252084          0.0000    
    77       0.107974054884          0.0000    
    78       0.109532997009          0.0000    
    79       0.112556747984          0.0000    
    80       0.112619288353          0.0000    
    81       0.113263892599          0.0000    
    82       0.113579400255          0.0000    
    83       0.114373873440          0.0000    
    84       0.114626225653          0.0000    
    85       0.115506069470          0.0000    
    86       0.116517380883          0.0000    
    87       0.117386957324          0.0000    
    88       0.117863518020          0.0000    
    89       0.118508786799          0.0000    
    90       0.129565992057          0.0000    
    91       0.130373322581          0.0000    
    92       0.130389655525          0.0000    
    93       0.135953126669          0.0000    
    94       0.136388394486          0.0000    
    95       0.137503610460          0.0000    
    96       0.139709555328          0.0000    
    97       0.139988646909          0.0000    
    98       0.141093838316          0.0000    
    99       0.145787223174          0.0000    
   100       0.148217201250          0.0000    
   101       0.149613722448          0.0000    
   102       0.150550787917          0.0000    
   103       0.153378710091          0.0000    
   104       0.156321865646          0.0000    
   105       0.158188953271          0.0000    
   106       0.159099682958          0.0000    
   107       0.164038280441          0.0000    
   108       0.167195642465          0.0000    
   109       0.169604958864          0.0000    
   110       0.170582621953          0.0000    
   111       0.175152770314          0.0000    
   112       0.178525570977          0.0000    
   113       0.179206785393          0.0000    
   114       0.179686973773          0.0000    
   115       0.179966766810          0.0000    
   116       0.180430412250          0.0000    
   117       0.180957646633          0.0000    
   118       0.181445884702          0.0000    
   119       0.183317583957          0.0000    
   120       0.184622413716          0.0000    
   121       0.184747201414          0.0000    
   122       0.186801720689          0.0000    
   123       0.195814497635          0.0000    
   124       0.200932820675          0.0000    
   125       0.203642128268          0.0000    
   126       0.220367730212          0.0000    
   127       0.233476405543          0.0000    
   128       0.243064592082          0.0000    
   129       0.246032526248          0.0000    
   130       0.251485983593          0.0000    
   131       0.268593596397          0.0000    
   132       0.273427879049          0.0000    
   133       0.275996917679          0.0000    
   134       0.277328156557          0.0000    
   135       0.278397803675          0.0000    
   136       0.290917693996          0.0000    
   137       0.293031726886          0.0000    
   138       0.294605787578          0.0000    
   139       0.295076804192          0.0000    
   140       0.296502905088          0.0000    
     11   140      0.400000000000      0.000000000000      0.000000000000     126
     1      -0.210704591184          0.0000    
     2      -0.202273006973          0.0000    
     3      -0.171688399065          0.0000    
     4      -0.170681558091          0.0000    
     5      -0.170659143449          0.0000    
     6      -0.169132801142          0.0000    
     7      -0.163964179447          0.0000    
     8      -0.162874049636          0.0000    
     9      -0.162821959711          0.0000    
    10      -0.158883059038          0.0000    
    11      -0.139066806869          0.0000    
    12      -0.137869714288          0.0000    
    13      -0.137416317606          0.0000    
    14      -0.135673401272          0.0000    
    15      -0.135613886813          0.0000    
    16      -0.133390170040          0.0000    
    17      -0.132335418227          0.0000    
    18      -0.131469038528          0.0000    
    19      -0.123743970132          0.0000    
    20      -0.114107195289          0.0000    
    21      -0.108356240287          0.0000    
    22      -0.107842239944          0.0000    
    23      -0.107170816128          0.0000    
    24      -0.992278371437E-01      0.0000    
    25      -0.904232432997E-01      0.0000    
    26      -0.899717484027E-01      0.0000    
    27      -0.895112163267E-01      0.0000    
    28      -0.813424795004E-01      0.0000    
    29      -0.594644578333E-01      0.0000    
    30      -0.592375455947E-01      0.0000    
    31      -0.592084139203E-01      0.0000    
    32      -0.589772086143E-01      0.0000    
    33      -0.567812698464E-01      0.0000    
    34      -0.540765415471E-01      0.0000    
    35      -0.540279014547E-01      0.0000    
    36      -0.418011963446E-01      0.0000    
    37      -0.224188065047E-01      0.0000    
    38      -0.221337122932E-01      0.0000    
    39      -0.211886019362E-01      0.0000    
    40      -0.203274999221E-01      0.0000    
    41      -0.189094948242E-01      0.0000    
    42      -0.174228501103E-01      0.0000    
    43      -0.161518855830E-01      0.0000    
    44      -0.126082959843E-01      0.0000    
    45      -0.669847904107E-02      0.0000    
    46      -0.647473238633E-02      0.0000    
    47      -0.434422320532E-02      0.0000    
    48      -0.408400689153E-02      0.0000    
    49      -0.234224442870E-02      0.0000    
    50      -0.238999089358E-03      0.0000    
    51       0.161424882825E-02      0.0000    
    52       0.423569641481E-02      0.0000    
    53       0.243128525445E-01      0.0000    
    54       0.401018659887E-01      0.0000    
    55       0.607589109150E-01      0.0000    
    56       0.615982885774E-01      0.0000    
    57       0.628083991419E-01      0.0000    
    58       0.646862309086E-01      0.0000    
    59       0.666472726198E-01      0.0000    
    60       0.676026832119E-01      0.0000    
    61       0.682554604514E-01      0.0000    
    62       0.682627094318E-01      0.0000    
    63       0.694057346891E-01      0.0000    
    64       0.706745340236E-01      0.0000    
    65       0.714494052855E-01      0.0000    
    66       0.719860477324E-01      0.0000    
    67       0.790467401290E-01      0.0000    
    68       0.814103864585E-01      0.0000    
    69       0.828848110434E-01      0.0000    
    70       0.911322846040E-01      0.0000    
    71       0.928145012043E-01      0.0000    
    72       0.936794898075E-01      0.0000    
    73       0.938162117547E-01      0.0000    
    74       0.103047484763          0.0000    
    75       0.104388496404          0.0000    
    76       0.104909951230          0.0000    
    77       0.106395513833          0.0000    
    78       0.109991539505          0.0000    
    79       0.115339759605          0.0000    
    80       0.116229372933          0.0000    
    81       0.116388632492          0.0000    
    82       0.117263322512          0.0000    
    83       0.118055627922          0.0000    
    84       0.118693648257          0.0000    
    85       0.119376890507          0.0000    
    86       0.120819060742          0.0000    
    87       0.120921224245          0.0000    
    88       0.121988421153          0.0000    
    89       0.122838767238          0.0000    
    90       0.130656087662          0.0000    
    91       0.130871431657          0.0000    
    92       0.133570263335          0.0000    
    93       0.133588855609          0.0000    
    94       0.134330781094          0.0000    
    95       0.134407617636          0.0000    
    96       0.136235749102          0.0000    
    97       0.137067610828          0.0000    
    98       0.138143974937          0.0000    
    99       0.141679112894          0.0000    
   100       0.143735773477          0.0000    
   101       0.145417844236          0.0000    
   102       0.146723969192          0.0000    
   103       0.148574031983          0.0000    
   104       0.151308933970          0.0000    
   105       0.154845860418          0.0000    
   106       0.157017351847          0.0000    
   107       0.166987400338          0.0000    
   108       0.168844895765          0.0000    
   109       0.171060842359          0.0000    
   110       0.171701276409          0.0000    
   111       0.176161277909          0.0000    
   112       0.177407609194          0.0000    
   113       0.179155539180          0.0000    
   114       0.179474626145          0.0000    
   115       0.180199061269          0.0000    
   116       0.180242565616          0.0000    
   117       0.180480330947          0.0000    
   118       0.181414804634          0.0000    
   119       0.183122121261          0.0000    
   120       0.184438438113          0.0000    
   121       0.186791741162          0.0000    
   122       0.189122110996          0.0000    
   123       0.192350464274          0.0000    
   124       0.200047284570          0.0000    
   125       0.201594315531          0.0000    
   126       0.218238128078          0.0000    
   127       0.231539107684          0.0000    
   128       0.242185827043          0.0000    
   129       0.246334846116          0.0000    
   130       0.250262551971          0.0000    
   131       0.271626091901          0.0000    
   132       0.278620978617          0.0000    
   133       0.281551837737          0.0000    
   134       0.282667211589          0.0000    
   135       0.283821347690          0.0000    
   136       0.289505316050          0.0000    
   137       0.293841910097          0.0000    
   138       0.299917284561          0.0000    
   139       0.300452784285          0.0000    
   140       0.301784059889          0.0000    
     12   140      0.440000000000      0.000000000000      0.000000000000     126
     1      -0.209387272403          0.0000    
     2      -0.204107681282          0.0000    
     3      -0.170492729669          0.0000    
     4      -0.169565080581          0.0000    
     5      -0.169547954319          0.0000    
     6      -0.168436172667          0.0000    
     7      -0.165578927960          0.0000    
     8      -0.164500527134          0.0000    
     9      -0.164407035255          0.0000    
    10      -0.159955434602          0.0000    
    11      -0.137422532364          0.0000    
    12      -0.137274057755          0.0000    
    13      -0.135728744667          0.0000    
    14      -0.135506113086          0.0000    
    15      -0.135091733164          0.0000    
    16      -0.133595616369          0.0000    
    17      -0.132065332921          0.0000    
    18      -0.132025918818          0.0000    
    19      -0.123955696094          0.0000    
    20      -0.118282845772          0.0000    
    21      -0.104855919122          0.0000    
    22      -0.104353703104          0.0000    
    23      -0.103743211793          0.0000    
    24      -0.972449862673E-01      0.0000    
    25      -0.940440069711E-01      0.0000    
    26      -0.935561986334E-01      0.0000    
    27      -0.930854238750E-01      0.0000    
    28      -0.837574603306E-01      0.0000    
    29      -0.594451506822E-01      0.0000    
    30      -0.591168146609E-01      0.0000    
    31      -0.590828249393E-01      0.0000    
    32      -0.586171365531E-01      0.0000    
    33      -0.571776820895E-01      0.0000    
    34      -0.542051078114E-01      0.0000    
    35      -0.541772878489E-01      0.0000    
    36      -0.416524708884E-01      0.0000    
    37      -0.194119330337E-01      0.0000    
    38      -0.191117259912E-01      0.0000    
    39      -0.183334094042E-01      0.0000    
    40      -0.176615500654E-01      0.0000    
    41      -0.161398813593E-01      0.0000    
    42      -0.152921292191E-01      0.0000    
    43      -0.139269587034E-01      0.0000    
    44      -0.113439459690E-01      0.0000    
    45      -0.971373009921E-02      0.0000    
    46      -0.957030544381E-02      0.0000    
    47      -0.740847925141E-02      0.0000    
    48      -0.662089468634E-02      0.0000    
    49      -0.573594051806E-02      0.0000    
    50      -0.139253696292E-02      0.0000    
    51      -0.115155125685E-02      0.0000    
    52       0.662655775307E-02      0.0000    
    53       0.220137650233E-01      0.0000    
    54       0.369559852168E-01      0.0000    
    55       0.638785786719E-01      0.0000    
    56       0.643741714501E-01      0.0000    
    57       0.648925158563E-01      0.0000    
    58       0.652808831281E-01      0.0000    
    59       0.662982051170E-01      0.0000    
    60       0.671894367989E-01      0.0000    
    61       0.678150585137E-01      0.0000    
    62       0.688374727034E-01      0.0000    
    63       0.689625549354E-01      0.0000    
    64       0.701547111373E-01      0.0000    
    65       0.716111308225E-01      0.0000    
    66       0.719303310723E-01      0.0000    
    67       0.758330889376E-01      0.0000    
    68       0.782111157613E-01      0.0000    
    69       0.803941737806E-01      0.0000    
    70       0.931818241677E-01      0.0000    
    71       0.946699567073E-01      0.0000    
    72       0.952320763750E-01      0.0000    
    73       0.952736705996E-01      0.0000    
    74       0.100842927411          0.0000    
    75       0.102402635577          0.0000    
    76       0.104669796046          0.0000    
    77       0.104754427796          0.0000    
    78       0.108299378108          0.0000    
    79       0.118984710603          0.0000    
    80       0.119723357430          0.0000    
    81       0.119972475822          0.0000    
    82       0.120717571121          0.0000    
    83       0.122086884915          0.0000    
    84       0.122308271232          0.0000    
    85       0.122769949174          0.0000    
    86       0.125178548507          0.0000    
    87       0.125682282283          0.0000    
    88       0.126036201504          0.0000    
    89       0.127413291521          0.0000    
    90       0.130140958241          0.0000    
    91       0.130642107602          0.0000    
    92       0.131031611639          0.0000    
    93       0.131364489961          0.0000    
    94       0.132787774427          0.0000    
    95       0.133108944879          0.0000    
    96       0.134256851664          0.0000    
    97       0.134826038481          0.0000    
    98       0.136521086210          0.0000    
    99       0.138884997739          0.0000    
   100       0.140415499604          0.0000    
   101       0.141314430068          0.0000    
   102       0.142447960154          0.0000    
   103       0.144529049435          0.0000    
   104       0.146327808796          0.0000    
   105       0.151955968538          0.0000    
   106       0.153514334414          0.0000    
   107       0.169893531654          0.0000    
   108       0.171000421877          0.0000    
   109       0.172313632724          0.0000    
   110       0.172822618528          0.0000    
   111       0.176149478422          0.0000    
   112       0.177409546771          0.0000    
   113       0.178753252002          0.0000    
   114       0.178930509989          0.0000    
   115       0.179891585485          0.0000    
   116       0.180385539175          0.0000    
   117       0.180469280731          0.0000    
   118       0.181306204707          0.0000    
   119       0.182976944655          0.0000    
   120       0.184291421632          0.0000    
   121       0.188871949481          0.0000    
   122       0.188909987263          0.0000    
   123       0.191257996755          0.0000    
   124       0.199110590462          0.0000    
   125       0.199681072451          0.0000    
   126       0.216620384900          0.0000    
   127       0.230150610246          0.0000    
   128       0.241571383143          0.0000    
   129       0.246807635678          0.0000    
   130       0.249175979512          0.0000    
   131       0.274756123051          0.0000    
   132       0.283502381298          0.0000    
   133       0.286234961212          0.0000    
   134       0.287410080684          0.0000    
   135       0.288310029170          0.0000    
   136       0.289938728742          0.0000    
   137       0.296586417187          0.0000    
   138       0.302934712883          0.0000    
   139       0.303831888995          0.0000    
   140       0.305298928256          0.0000    
     13   140      0.480000000000      0.000000000000      0.000000000000     126
     1      -0.208126909631          0.0000    
     2      -0.205626528457          0.0000    
     3      -0.169314914014          0.0000    
     4      -0.168759852406          0.0000    
     5      -0.168637782455          0.0000    
     6      -0.167869273047          0.0000    
     7      -0.166787112934          0.0000    
     8      -0.165802639097          0.0000    
     9      -0.165633991740          0.0000    
    10      -0.160567717993          0.0000    
    11      -0.137122676311          0.0000    
    12      -0.136775374972          0.0000    
    13      -0.135718014980          0.0000    
    14      -0.135614932658          0.0000    
    15      -0.134075181794          0.0000    
    16      -0.133436727771          0.0000    
    17      -0.132563935498          0.0000    
    18      -0.129581565162          0.0000    
    19      -0.125312150246          0.0000    
    20      -0.120897646621          0.0000    
    21      -0.101350032597          0.0000    
    22      -0.100873736801          0.0000    
    23      -0.100312265808          0.0000    
    24      -0.976044816074E-01      0.0000    
    25      -0.971705356674E-01      0.0000    
    26      -0.965933752918E-01      0.0000    
    27      -0.957762421618E-01      0.0000    
    28      -0.853437153238E-01      0.0000    
    29      -0.594361713004E-01      0.0000    
    30      -0.590518122523E-01      0.0000    
    31      -0.590146724744E-01      0.0000    
    32      -0.583043110047E-01      0.0000    
    33      -0.575066992927E-01      0.0000    
    34      -0.542742170676E-01      0.0000    
    35      -0.542573255947E-01      0.0000    
    36      -0.415808098674E-01      0.0000    
    37      -0.166109011877E-01      0.0000    
    38      -0.162247778446E-01      0.0000    
    39      -0.159648636516E-01      0.0000    
    40      -0.156620862599E-01      0.0000    
    41      -0.138972929748E-01      0.0000    
    42      -0.132960132971E-01      0.0000    
    43      -0.126489124215E-01      0.0000    
    44      -0.126321218279E-01      0.0000    
    45      -0.122882983149E-01      0.0000    
    46      -0.105705972063E-01      0.0000    
    47      -0.102691617149E-01      0.0000    
    48      -0.871412581100E-02      0.0000    
    49      -0.796984918985E-02      0.0000    
    50      -0.364046462953E-02      0.0000    
    51      -0.270585511526E-02      0.0000    
    52       0.974565762593E-02      0.0000    
    53       0.197441158624E-01      0.0000    
    54       0.352926918938E-01      0.0000    
    55       0.651391663187E-01      0.0000    
    56       0.655444378594E-01      0.0000    
    57       0.658009675587E-01      0.0000    
    58       0.660838676660E-01      0.0000    
    59       0.666291416466E-01      0.0000    
    60       0.670976821249E-01      0.0000    
    61       0.679142620614E-01      0.0000    
    62       0.692224099050E-01      0.0000    
    63       0.698355497149E-01      0.0000    
    64       0.706856009079E-01      0.0000    
    65       0.719373248254E-01      0.0000    
    66       0.722228412681E-01      0.0000    
    67       0.728587814742E-01      0.0000    
    68       0.751111773463E-01      0.0000    
    69       0.786882338418E-01      0.0000    
    70       0.950195973503E-01      0.0000    
    71       0.960906851449E-01      0.0000    
    72       0.962471131880E-01      0.0000    
    73       0.964293004178E-01      0.0000    
    74       0.988608182132E-01      0.0000    
    75       0.100746099524          0.0000    
    76       0.103424086441          0.0000    
    77       0.105287436967          0.0000    
    78       0.106564131006          0.0000    
    79       0.122393429974          0.0000    
    80       0.122619386938          0.0000    
    81       0.123383204215          0.0000    
    82       0.123445735407          0.0000    
    83       0.125112499279          0.0000    
    84       0.125555060903          0.0000    
    85       0.126166979651          0.0000    
    86       0.127301292928          0.0000    
    87       0.127884043812          0.0000    
    88       0.128425944506          0.0000    
    89       0.128453447136          0.0000    
    90       0.129187539391          0.0000    
    91       0.129522888200          0.0000    
    92       0.129898674550          0.0000    
    93       0.130766597152          0.0000    
    94       0.131356093785          0.0000    
    95       0.132379620145          0.0000    
    96       0.132884665210          0.0000    
    97       0.133561740513          0.0000    
    98       0.134445893627          0.0000    
    99       0.136589439645          0.0000    
   100       0.137306673398          0.0000    
   101       0.138422312346          0.0000    
   102       0.141520029201          0.0000    
   103       0.142134484467          0.0000    
   104       0.143243251063          0.0000    
   105       0.150190908677          0.0000    
   106       0.150284039785          0.0000    
   107       0.171109527797          0.0000    
   108       0.173095000707          0.0000    
   109       0.173314962078          0.0000    
   110       0.173608772289          0.0000    
   111       0.174857744638          0.0000    
   112       0.178239510408          0.0000    
   113       0.178482860799          0.0000    
   114       0.178960395549          0.0000    
   115       0.179765121714          0.0000    
   116       0.180383437921          0.0000    
   117       0.180702845546          0.0000    
   118       0.181152856495          0.0000    
   119       0.182781634626          0.0000    
   120       0.184213048203          0.0000    
   121       0.186163382604          0.0000    
   122       0.190354383596          0.0000    
   123       0.192698874456          0.0000    
   124       0.198223208820          0.0000    
   125       0.198442415824          0.0000    
   126       0.215736014726          0.0000    
   127       0.229426268404          0.0000    
   128       0.241255978366          0.0000    
   129       0.247441726241          0.0000    
   130       0.248235549054          0.0000    
   131       0.277949937883          0.0000    
   132       0.281613399580          0.0000    
   133       0.290686521629          0.0000    
   134       0.293467084676          0.0000    
   135       0.293845946979          0.0000    
   136       0.295293441721          0.0000    
   137       0.297315917410          0.0000    
   138       0.299016041165          0.0000    
   139       0.299760997946          0.0000    
   140       0.301929396624          0.0000    
