 Total Energy   -31.8281579366068     
 Harris Energy  -31.8281579366068     
 Ion-Ion                      -33.5985844289131     
 Local Potential              -18.5109505040459     
 Ion Local Potential          -10.4443616552758     
 Hartree Energy                2.20574109854870     
 Exchange-Correlation Energy  -9.56972769159009     
 Exchange Energy              -8.07448329859782     
 Correlation Energy           -1.49524439299227     
 Sum of eigenvalues            1.06782423657753     
 Fermi energy                 0.228580321902269     
 Eigenvalues
   k     n          esp(n,k,s)    esp_err   occ(n,k,s)  
   1     1  -0.156897978431137 -0.10298E-09  0.25000    
   1     2  -0.130021906755591 -0.11661E-09  0.25000    
   1     3  -0.130021906755591 -0.11661E-09  0.25000    
   1     4  -0.130021906755591 -0.11661E-09  0.25000    
   1     5  -0.028494976078342 -0.73457E-10  0.25000    
   1     6  -0.028494976078341 -0.73457E-10  0.25000    
   1     7  -0.028494976078341 -0.73457E-10  0.25000    
   1     8   0.000918801521989 -0.80577E-10  0.25000    
   1     9   0.134997038765825 -0.94702E-10  0.25000    
   1    10   0.134997038765824 -0.94702E-10  0.25000    
   1    11   0.134997038765824 -0.94701E-10  0.25000    
   1    12   0.161436066257740 -0.10574E-09  0.25000    
   1    13   0.161436066257740 -0.10574E-09  0.25000    
   1    14   0.161436066257740 -0.10574E-09  0.25000    
   1    15   0.178813109944264 -0.11596E-09  0.25000    
   1    16   0.178813109944264 -0.11596E-09  0.25000    
   1    17   0.276814336837975 -0.93092E-10   0.0000    
   1    18   0.297003837667445 -0.64157E-10   0.0000    
   1    19   0.297003837681676 -0.98313E-10   0.0000    
   1    20   0.297003839803763 -0.34851E-08   0.0000    
   1    21   0.345295266864095 -0.54283E-06   0.0000    
   1    22   0.345538271727772 -0.31725E-05   0.0000    
   1    23   0.345914791560400 -0.10347E-05   0.0000    
   1    24   0.345918641938277 -0.31486E-05   0.0000    
   2     1  -0.173337276597953 -0.95754E-10  0.75000    
   2     2  -0.137572413221034 -0.10690E-09  0.75000    
   2     3  -0.137572413221034 -0.10690E-09  0.75000    
   2     4  -0.111461959573614 -0.12017E-09  0.75000    
   2     5  -0.024048721984895 -0.10301E-09  0.75000    
   2     6   0.005273299837232 -0.11009E-09  0.75000    
   2     7   0.005273299837232 -0.11009E-09  0.75000    
   2     8   0.049552416606031 -0.10540E-09  0.75000    
   2     9   0.071903907658594 -0.48281E-10  0.75000    
   2    10   0.096689559724257 -0.65299E-10  0.75000    
   2    11   0.096689559724257 -0.65299E-10  0.75000    
   2    12   0.133799960438970 -0.82637E-10  0.75000    
   2    13   0.147878283770833 -0.89470E-10  0.75000    
   2    14   0.147878283770833 -0.89470E-10  0.75000    
   2    15   0.149569120639101 -0.99324E-10  0.75000    
   2    16   0.190233933690095 -0.12128E-09  0.75000    
   2    17   0.284597963967484 -0.40825E-11   0.0000    
   2    18   0.315910004141875 -0.92693E-10   0.0000    
   2    19   0.322542617343263 -0.35032E-10   0.0000    
   2    20   0.322542617343313 -0.35106E-10   0.0000    
   2    21   0.347332387414479 -0.22509E-09   0.0000    
   2    22   0.347332387459387 -0.30714E-09   0.0000    
   2    23   0.353464416788682 -0.21778E-09   0.0000    
   2    24   0.358684897906349 -0.15989E-09   0.0000    
   3     1  -0.192154085279278 -0.90465E-10  0.75000    
   3     2  -0.153359929808025 -0.99433E-10  0.75000    
   3     3  -0.091422449713914 -0.12294E-09  0.75000    
   3     4  -0.091422449713914 -0.12294E-09  0.75000    
   3     5  -0.034300850607656 -0.12446E-09  0.75000    
   3     6  -0.034300850607656 -0.12446E-09  0.75000    
   3     7   0.038478749813066 -0.13447E-09  0.75000    
   3     8   0.069297968734051 -0.37238E-10  0.75000    
   3     9   0.069297968734052 -0.37238E-10  0.75000    
   3    10   0.100784625573273 -0.12089E-09  0.75000    
   3    11   0.109935201474293 -0.62817E-10  0.75000    
   3    12   0.109935201474293 -0.62817E-10  0.75000    
   3    13   0.120601614879213 -0.73593E-10  0.75000    
   3    14   0.137770922467925 -0.91269E-10  0.75000    
   3    15   0.170307659187127 -0.10200E-09  0.75000    
   3    16   0.172954543042532 -0.10854E-09  0.75000    
   3    17   0.266608855785387 -0.29062E-11   0.0000    
   3    18   0.296167821243983 -0.36489E-10   0.0000    
   3    19   0.304547178606874 -0.96813E-11   0.0000    
   3    20   0.304547178606994 -0.10188E-10   0.0000    
   3    21   0.323035898648166 -0.33510E-10   0.0000    
   3    22   0.352120825981767 -0.23507E-06   0.0000    
   3    23   0.373859583637418 -0.20478E-05   0.0000    
   3    24   0.374449095146915 -0.11940E-03   0.0000    
   4     1  -0.212025997831670 -0.86177E-10  0.25000    
   4     2  -0.098063067090464 -0.11348E-09  0.25000    
   4     3  -0.098063067090464 -0.11348E-09  0.25000    
   4     4  -0.098063067090464 -0.11348E-09  0.25000    
   4     5  -0.030499697961587 -0.12911E-09  0.25000    
   4     6  -0.030499697961587 -0.12911E-09  0.25000    
   4     7  -0.030499697961587 -0.12911E-09  0.25000    
   4     8   0.092426977733665 -0.54844E-10  0.25000    
   4     9   0.092426977733666 -0.54843E-10  0.25000    
   4    10   0.092426977733666 -0.54843E-10  0.25000    
   4    11   0.120392614339240 -0.86748E-10  0.25000    
   4    12   0.120392614339239 -0.86748E-10  0.25000    
   4    13   0.120392614339239 -0.86748E-10  0.25000    
   4    14   0.159953229195071 -0.11910E-09  0.25000    
   4    15   0.207872741045516 -0.12309E-09  0.25000    
   4    16   0.207872741045516 -0.12309E-09  0.25000    
   4    17   0.249632850653943  0.21170E-10   0.0000    
   4    18   0.249632850653942  0.21169E-10   0.0000    
   4    19   0.249632850653993  0.21007E-10   0.0000    
   4    20   0.289053392037698  0.20988E-11   0.0000    
   4    21   0.289053392037701  0.20999E-11   0.0000    
   4    22   0.289053401950069 -0.12570E-07   0.0000    
   4    23   0.308253645488193 -0.19077E-05   0.0000    
   4    24   0.328109365447997 -0.88847E-10   0.0000    
