    0.00000    -13.25121518    -0.07144073    -0.07044196     0.00000000     3.26383805     3.26500615     3.28396728     4.16668954     8.66885757     8.74883639     8.75020794    12.26756235    12.26909035    12.27887783    16.09817930    24.65576970    24.66535925    24.69019630    25.99196254    25.99596916
    0.02038    -13.24583203    -0.09931350    -0.09234488    -0.02508191     3.25619099     3.29106072     3.30655181     4.19815367     8.69214993     8.70408637     8.75591585    12.27643234    12.28259453    12.30358507    16.13763663    24.56733385    24.57797757    24.69495511    25.91988510    25.92753812
    0.04076    -13.22968600    -0.18747780    -0.15296715    -0.09361793     3.21754424     3.37062778     3.38513380     4.28891144     8.57682111     8.76150545     8.77307030    12.30303953    12.31001470    12.38497164    16.25524809    24.32823614    24.33884415    24.71192345    25.71572439    25.74997519
    0.06114    -13.20278559    -0.33291959    -0.24781746    -0.19419628     3.15389248     3.49700065     3.51145955     4.42906992     8.38567531     8.80166611     8.87446287    12.34736682    12.35442189    12.50593997    16.44849053    23.98913287    23.99932276    24.74067060    25.40917365    25.50655163
    0.08153    -13.16514500    -0.52597526    -0.36973902    -0.31920940     3.06921198     3.66294347     3.67746625     4.60451997     8.15381784     8.84169469     9.02778601    12.40937990    12.41638321    12.65087491    16.71293679    23.59054875    23.60023124    24.78116939    25.03141759    25.22416640
    0.10191    -13.11678428    -0.75560085    -0.51152723    -0.46260526     2.96739970     3.86114469     3.87568349     4.79799571     7.90577003     8.89314401     9.21756396    12.48901808    12.49591316    12.80845084    17.04233618    23.15755524    23.16675153    24.60703255    24.83136927    24.91911715
    0.12229    -13.05772947    -1.01267813    -0.66686135    -0.61877645     2.85239060     4.08515243     4.09961809     4.98788487     7.66816064     8.95599871     9.43971892    12.58618010    12.59292981    12.97226424    17.42909929    22.70501380    22.71378540    24.15315518    24.58951050    24.90150225
    0.14267    -12.98801276    -1.29024633    -0.83060195    -0.78293235     2.72791420     4.32967646     4.34397745     5.14500582     7.47347737     9.03024011     9.69030432    12.70070340    12.70727819    13.13982282    17.86501474    22.24206175    22.25048083    23.68125069    24.25264685    24.98000405
    0.16305    -12.90767281    -1.58312781    -0.99873127    -0.95123233     2.59733279     4.59053418     4.60458835     5.23174448     7.36151048     9.11584629     9.96566684    12.83233430    12.83870869    13.31108167    18.34189631    21.77467913    21.78281704    23.19897647    23.90690310    25.07308019
    0.18343    -12.81675497    -1.88750426    -1.16816137    -1.12068595     2.46357650     4.86446498     4.87818340     5.21556706     7.36625916     9.21279214    10.26249786    12.98068456    12.98683577    13.48724923    18.85196342    21.30708141    21.31500494    22.71153019    23.55555776    25.18157824
    0.20381    -12.71531166    -2.20055358    -1.33652769    -1.28898620     2.32914440     5.09392621     5.14893058     5.16284804     7.49061490     9.32104952    10.57780996    13.14516705    13.15107430    13.67002558    19.38792428    20.84251363    20.85028459    22.22252322    23.20119654    25.30699606
    0.22420    -12.60340275    -2.52016778    -1.50201252    -1.45435109     2.19614158     4.89647156     5.44194565     5.45511049     7.70702722     9.44058728    10.90886799    13.32489777    13.33054168    13.86119278    19.94282676    20.38375868    20.39143490    21.73452911    22.84612059    25.45138983
    0.24458    -12.48109600    -2.84474386    -1.66320740    -1.61539491     2.06633097     4.65424226     5.74194717     5.75470509     7.98349535     9.57137148    11.25309255    13.51854126    13.52390325    14.06242851    19.93353201    19.94116731    20.50976170    21.24942804    22.49250794    25.61750630
    0.26496    -12.34846758    -3.17303211    -1.81901018    -1.77103022     1.94118737     4.39046329     6.04769819     6.06005699     8.29723844     9.71336546    11.60794327    13.72405797    13.72911972    14.27524026    19.49488008    19.50252862    20.76862627    21.08148203    22.14254030    25.80893934
    0.28534    -12.20560264    -3.50402714    -1.96854952    -1.92039513     1.82194766     4.11909007     6.35821794     6.37017814     8.63421670     9.86653002    11.97078041    13.93827683    13.94302000    14.50095537    19.07169938    19.07941381    20.29319865    21.65001145    21.79855340    26.03021116
    0.30572    -12.05259587    -3.83689005    -2.11112954    -2.06279978     1.70965434     3.84847079     6.67273091     6.68429381     8.98581605    10.03082356    12.33869631    14.15615297    14.16056022    14.74073128    18.66953807    18.67737034    19.82398318    21.46305601    22.20652964    26.28654576
    0.32610    -11.88955226    -4.17089319    -2.24618929    -2.19768704     1.60519233     3.58373958     6.99062870     7.00179694     9.34648466    10.20620225    12.70830157    14.36947481    14.37353474    14.99556768    18.29692889    18.30492584    19.36164519    21.13922494    22.74119396    26.58274616
    0.34648    -11.71658779    -4.50538138    -2.37327286    -2.32460332     1.50931924     3.32816834     7.31144008     7.32221717     9.71240422    10.39262014    13.07544626    14.56473935    14.56846192    15.26631281    17.96754211    17.97573093    18.90672192    20.83082489    23.24425567    26.91897356
    0.36687    -11.53383026    -4.83974540    -2.49200701    -2.44317691     1.42269003     3.08390387     7.63480559     7.64519536    10.08077577    10.59002933    13.43485523    14.72042656    14.72387999    15.55366042    17.70293210    17.71128514    18.45965458    20.54273539    23.70738343    26.78756496
    0.38725    -11.34142016    -5.17340450    -2.60208444    -2.55310151     1.34587709     2.85237877     7.96045387     7.97045989    10.44943162    10.79838002    13.77967151    14.80652819    14.80989505    15.85813693    17.53302244    17.54140739    18.02081523    20.28132544    24.12534120    26.37483523
    0.40763    -11.13951157    -5.50579549    -2.70325106    -2.65412384     1.27938641     2.63455047     8.28817693     8.29780191    10.81661711    11.01762066    14.10095672    14.79385097    14.79743130    16.18007893    17.48669886    17.49500424    17.59064428    20.05490054    24.49633577    25.91745406
    0.42801    -10.92827320    -5.83636683    -2.79529617    -2.74603396     1.22367069     2.43104719     8.61780136     8.62704638    11.18085990    11.24769794    14.38733172    14.67363999    14.67772510    16.51960089    17.16884736    17.57301968    17.58060606    19.87396613    24.81925182    25.42852956
    0.44839    -10.70788933    -6.16457609    -2.87804499    -2.82865784     1.17913983     2.24226186     8.94915044     8.95801378    11.48855682    11.54088183    14.46416171    14.46872754    14.62542589    16.75634528    16.87655112    17.77271461    17.77979835    19.75082035    24.91727359    25.08655752
    0.46877    -10.47856099    -6.48988980    -2.95135272    -2.90185154     1.14616924     2.06841551     9.28198784     9.29046320    11.74014046    11.89552674    14.19424104    14.19946115    14.80079142    16.35302584    17.25044928    18.05693481    18.06355237    19.69770653    24.40019761    25.12606736
    0.48915    -10.24050694    -6.81178472    -3.01510002    -2.96549660     1.12510613     1.90960217     9.61592235     9.62399571    12.00239014    12.24368692    13.88807593    13.89386806    14.90216539    15.95907854    17.64038845    18.40116151    18.40741235    19.72299546    23.88204899    24.53876515
    0.50954     -9.99396484    -7.12974998    -3.06918935    -3.01949643     1.11627361     1.76582246     9.95022305     9.95786689    12.27524510    12.58421570    13.56213611    13.56847866    14.92446309    15.57465790    18.04486265    18.78874787    18.79473893    19.82608255    23.37443240    23.95809119
    0.52992     -9.73919232    -7.44328945    -3.11354226    -3.06377346     1.11997131     1.63701127    10.28340419    10.29056574    12.55864225    12.91581528    13.22754969    13.23446405    14.87084587    15.19990022    18.46142756    19.20873783    19.21457731    19.99236991    22.89234495    23.38685095
    0.55030     -9.47646800    -7.75192410    -3.14809716    -3.09826694     1.13646735     1.52306695    10.61212429    10.61869946    12.85251474    12.89348313    12.90105512    13.23688873    14.75091861    14.83492788    18.88596722    19.65303664    19.65885087    20.18622475    22.46437469    22.82832689
    0.57068     -9.20609268    -8.05519387    -3.17280767    -3.12293121     1.16595624     1.42390946    10.92761409    10.93338643    12.57221425    12.58065642    13.15679773    13.54534260    14.47985197    14.57697891    19.31095708    20.11287429    20.11885491    20.33336654    22.15429974    22.28846122
    0.59106     -8.92839145    -8.35265801    -3.18764148    -3.13773447     1.20825908     1.33979172    11.20119467    11.20574548    12.29449347    12.30422370    13.47141408    13.83832410    14.13477495    14.36084222    19.72097050    20.31430066    20.56624975    20.57304968    21.78763157    21.79343087
    0.61144     -8.64603533    -8.64157532    -3.19257947    -3.14265794     1.25145644     1.28267458    11.33185717    11.33534249    12.16241876    12.17328637    13.79565587    13.80042385    14.11155518    14.11262027    20.07774397    20.08563560    20.85131719    20.86053701    21.48684442    21.49000561
    0.65468     -8.65602047    -8.61538273    -3.29111851    -3.17302439     1.30417282     1.47539100    11.08627677    11.18922591    11.83002768    11.89682214    14.05148792    14.06331660    14.25219961    14.49070966    19.66637414    19.83991273    20.77057998    20.92941886    21.53801184    21.88278134
    0.69791     -8.69050288    -8.53630829    -3.65191381    -3.11453712     1.36873823     2.06743049    10.53395461    10.82095281    11.15531306    11.35079979    14.58441410    14.60445922    14.65236124    15.26944701    18.93837329    19.23781123    20.74871671    21.16364315    21.69306693    22.38314695
    0.74115     -8.76317088    -8.40446743    -4.07626963    -3.01795060     1.47563382     2.89097277     9.87955705    10.34015393    10.42036408    10.73717082    15.05567792    15.17032063    15.36783732    16.16692953    18.18191398    18.53746312    20.81472439    21.55386119    21.95666173    22.72772242
    0.78438     -8.89386993    -8.22005633    -4.45365632    -2.88472056     1.62354693     3.85201153     9.20436956     9.69406503     9.81654598    10.12178997    15.52663733    15.74798184    16.11743206    17.03284613    17.46254601    17.91463182    20.92532374    22.09613269    22.30347674    22.33525490
    0.82762     -9.10076458    -7.98336030    -4.71823796    -2.71702117     1.81042630     4.89523639     8.53922228     9.00399958     9.28370420     9.53012659    15.90963636    16.29871972    16.86137137    16.87007025    16.96634654    18.26080756    21.05248853    21.11029920    22.77850727    22.83469833
    0.89247     -9.56021568    -7.53113239    -4.84726546    -2.40773443     2.15673300     6.48690595     7.58889494     8.11842836     8.51163291     8.71700972    15.52642838    16.04602524    16.97587047    17.06949989    17.92593447    19.16220399    19.52261630    21.17274512    23.65396060    23.81160674
    0.95733    -10.14633605    -6.96385630    -4.67590170    -2.04270030     2.56623954     6.71433066     6.86780879     7.81046107     8.02274345     8.60460569    14.67943855    15.19617302    16.86401415    17.77919814    17.96524048    18.91480351    19.62474880    21.51640178    23.67581322    24.82429448
    1.02218    -10.77536160    -6.28400416    -4.27475001    -1.64341946     3.00737297     5.92704898     6.15083970     7.21922800     7.47776114    10.24533869    13.88008443    14.53990060    15.06425555    18.33546871    18.39542602    18.55571674    19.84698873    22.25800094    23.47699369    24.82246323
    1.08703    -11.38286386    -5.49520985    -3.70843951    -1.23890797     3.42256073     5.23401152     5.45349801     6.78598159     7.11386284    11.53152595    12.96104658    13.44385558    14.42635691    16.83038056    18.69309793    19.26740860    20.75616642    22.02798913    22.92639329    24.52339805
    1.15189    -11.93017209    -4.60312338    -3.02609724    -0.86370470     3.72226577     4.64006086     4.84063305     6.56303078     6.96319718    11.33692086    11.68600274    12.75848088    14.99299023    15.97098554    18.06996254    19.89005398    21.60561461    21.67178047    22.82886477    23.57007347
    1.21674    -12.39539842    -3.61756329    -2.27207337    -0.55078358     3.83399590     4.14890847     4.32163191     6.51051651     7.04989515     9.80163990    11.12715643    12.34232243    14.02781471    16.69540468    17.62878030    19.82547133    22.00763737    22.09474076    22.60966259    24.19642282
    1.28159    -12.76605097    -2.55821329    -1.49949994    -0.32042784     3.76356440     3.78662180     3.89894639     6.26236320     7.37400157     8.77962116    10.33074749    12.10728342    13.18419935    15.19694651    18.68554339    19.71861105    22.48128615    22.87555198    23.57285775    24.77084835
    1.34645    -13.03484943    -1.47182548    -0.78606044    -0.17328696     3.48647337     3.57272203     3.66071331     5.42384349     7.88927888     8.56397430     9.51487588    12.06704377    12.64904934    13.81579531    17.43454773    21.85593672    23.32850221    23.69766420    24.54294412    25.24407982
    1.41130    -13.19757725    -0.49532765    -0.24935377    -0.09550534     3.31946828     3.35505244     3.46327101     4.50705496     8.45772100     8.67966218     8.89893437    12.18281110    12.36101483    12.72768493    16.47624722    23.77712182    24.19287645    24.37462685    25.45382431    25.62326162
    1.47615    -13.25204409    -0.07169134    -0.07169115    -0.00169853     3.26367464     3.26367473     3.28198463     4.16478811     8.66804504     8.74595593     8.74595596    12.26699593    12.26699600    12.27628709    16.09761623    24.65329524    24.65329529    24.65701956    25.97682078    25.97682081
    1.52911    -13.21571228    -0.36687300    -0.12856584    -0.12856566     3.34286474     3.34868514     3.34868522     4.39613466     8.62231062     8.62231065     8.82392063    12.12376755    12.50065640    12.50065646    16.35236205    24.21153038    24.28565098    24.28565104    25.69800629    25.69800632
    1.58206    -13.10706685    -1.20532479    -0.27851042    -0.27851024     3.29568295     3.57300332     3.57300340     5.08269457     8.34964933     8.34964936     9.24963940    11.78937846    13.11139318    13.11139324    17.01178981    23.21093610    23.21093618    23.27233214    25.54485134    25.54485135
    1.63501    -12.92726254    -2.21406198    -0.47866691    -0.47866674     3.12701221     3.86168052     3.86168060     5.97969699     8.09805127     8.09805131     9.77702927    11.55036314    13.95366256    13.95366261    17.90379018    21.84778123    21.84778130    22.20091300    25.56510453    25.56510454
    1.68796    -12.67860382    -3.26090804    -0.69118337    -0.69118321     2.92083708     4.12271823     4.12271832     6.91783839     8.00423354     8.00423358     9.98875991    11.86353248    14.92342512    14.92342516    18.85212839    20.44852695    20.44852702    21.19693222    25.64303725    25.64303726
    1.74092    -12.36528939    -4.28812956    -0.89141806    -0.89141790     2.71842927     4.27791916     4.27791926     7.82540592     8.16079201     8.16079207     9.83009789    12.78642023    15.89960505    15.89960508    19.16617211    19.16617218    19.18776403    20.94179593    25.73076113    25.73076114
    1.79387    -11.99506515    -5.26213516    -1.06520325    -1.06520310     2.53988247     4.30807518     4.30807529     8.57153359     8.59052482     8.59052489     9.74189145    13.93293574    16.38709345    16.38709348    18.45115676    18.50228767    18.50228770    21.93694282    25.77799797    25.77799798
    1.84682    -11.58319828    -6.15351415    -1.20482954    -1.20482939     2.39534301     4.25655137     4.25655148     8.79713879     9.24932445     9.24932452    10.20457143    14.95708204    15.64295363    15.64295369    17.76193039    19.19892602    19.19892605    23.24956801    25.68980210    25.68980211
    1.89977    -11.16257187    -6.92115115    -1.30629155    -1.30629140     2.28990636     4.18074642     4.18074653     8.70764546    10.07478266    10.07478272    11.03743890    14.49277513    14.49277521    15.12722528    18.02734958    20.42534909    20.42534912    24.08299020    24.82538067    25.28332465
    1.95273    -10.80756206    -7.48590870    -1.36766486    -1.36766471     2.22604197     4.12119169     4.12119180     8.61298922    11.00672002    11.00672008    11.88393969    13.33979265    13.33979274    14.50735860    19.24527963    21.77230666    21.77230670    22.49148152    24.40312127    24.40312131
    2.00568    -10.65701348    -7.70647408    -1.38815309    -1.38815294     2.20483970     4.09920698     4.09920709     8.57777913    11.74955594    11.74955596    12.35367959    12.52200322    12.52200335    14.06914460    20.51068946    21.11888915    22.96380776    22.96380778    23.33794957    23.33794963
    2.04312    -10.63876345    -7.69663182    -1.53548823    -1.41976929     2.33736281     4.06833658     4.16625073     8.66265954    11.24252506    11.57075988    12.39907597    12.72200815    12.89384198    14.22509541    20.49037054    21.07693801    22.78594885    22.79690453    23.45643757    23.46725462
    2.08056    -10.58410955    -7.66817607    -1.91542347    -1.50946326     2.64082141     4.02536569     4.36212455     8.87609949    10.54282095    11.24498086    12.24262488    13.11067189    13.54764268    14.64885810    20.41703722    20.94323436    22.50933994    22.56469164    23.54754919    23.54911377
    2.11801    -10.49335702    -7.62459157    -2.41896743    -1.64412215     2.87654328     4.14065159     4.67333997     9.03590813     9.97669920    10.90597675    12.11904416    13.55198482    14.12482431    15.27772827    20.23220351    20.76051333    22.19207818    22.45115647    23.40015478    23.42371891
    2.15545    -10.36708032    -7.57267161    -2.96618182    -1.80748371     2.86010499     4.56260254     5.08293631     8.71335763     9.87904306    10.58196799    12.15235172    14.01387500    14.61980221    16.04054109    19.87312173    20.63164186    21.80660954    22.37781464    23.00059533    23.15325832
    2.19289    -10.20626638    -7.52421841    -3.50485576    -1.98413527     2.69107922     5.17706496     5.57431245     8.09596399     9.94944733    10.28163145    12.45498813    14.48215799    15.05916699    16.87054442    19.40310066    20.54179154    21.23791275    22.08982019    22.59230257    23.03287770
    2.23034    -10.01264400    -7.49841018    -3.99294923    -2.16137330     2.48061513     5.85313765     6.13267023     7.46553935     9.90371568    10.00947914    13.03773149    14.94533534    15.44990355    17.72473085    18.90116215    20.40064661    20.44459251    21.59939327    22.35981193    23.16607818
    2.26778     -9.78949545    -7.52260748    -4.38804428    -2.32948134     2.27312264     6.35260896     6.74414389     7.06596950     9.76332008     9.77005361    13.81927733    15.39132758    15.78080728    18.32021983    18.66274586    19.52580855    20.04885206    21.24626381    22.28920842    23.41090903
    2.30522     -9.54394694    -7.62385273    -4.64934655    -2.48131286     2.08707664     6.00526785     7.39153154     7.56222358     9.57256716     9.57947249    14.72078370    15.80598742    16.03118751    17.87402105    18.56538820    19.33344785    19.59826949    21.14057884    22.34628552    23.70259407
    2.34267     -9.29468928    -7.80151078    -4.75538597    -2.61171677     1.93136715     5.44526806     8.03675177     8.31330016     9.38477766     9.44801733    15.63312661    16.16590940    16.22328659    17.40184383    17.61565212    18.78364654    20.33627659    21.12780123    22.51992313    23.81929043
    2.38011     -9.10076458    -7.98336030    -4.71823796    -2.71702117     1.81042630     4.89523639     8.53922228     9.00399958     9.28370420     9.53012659    15.90963636    16.29871972    16.86137137    16.87007025    16.96634654    18.26080756    21.05248853    21.11029920    22.77850727    22.83469833
    2.42334     -9.07492430    -7.99407581    -4.69753660    -2.85574990     2.02364142     4.91072616     8.06133248     8.55997033     9.47912425    10.25772057    15.38468885    16.43678876    16.48404042    17.24812237    17.29341824    18.45532141    20.79674131    21.10627824    22.28664088    23.08210450
    2.46658     -8.99745810    -8.03098906    -4.63578483    -3.19652930     2.59133618     4.95502229     7.42198873     7.74925284    10.11097916    11.06316061    14.69492280    15.87934234    16.64156224    17.51277118    18.08917293    18.87675151    20.30151687    21.08964208    21.54416783    23.56163297
    2.50982     -8.86853041    -8.10790909    -4.53406852    -3.60171222     3.38393004     5.01900828     6.80316226     6.97333430    10.72343850    11.74673264    14.12352652    15.30079143    16.86449335    17.77457512    18.94585308    19.20864929    19.97971553    20.77640415    21.10541260    23.18954330
    2.55305     -8.68842226    -8.24476777    -4.39430224    -3.96443546     4.28951912     5.07189617     6.25315669     6.26520539    11.29130538    12.04796851    13.92030797    14.74045639    17.18239122    17.87876576    19.22623096    19.77999692    20.10934019    20.22651961    21.09299019    22.14261456
    2.59629     -8.45982115    -8.45717315    -4.21953056    -4.21938248     4.99649178     5.00768259     5.88718743     5.89207894    11.78630934    11.78791773    14.23231552    14.23569740    17.58781952    17.59556437    19.53496009    19.53944033    20.39816888    20.40959911    21.24041141    21.24826480
    2.65743     -8.47921609    -8.47686092    -4.13863294    -4.13204959     4.13784135     4.14337086     6.83478424     6.84611785    11.78238658    11.78440883    14.19811609    14.20132308    17.68772584    17.69497933    19.25993307    19.26762468    19.69082312    19.69619155    22.24402586    22.25968295
    2.71858     -8.52809820    -8.52623003    -3.91187895    -3.89580639     3.06903573     3.07332825     8.17661891     8.18945924    11.77507261    11.77757999    14.11540370    14.11842402    17.48712564    17.49432890    18.42578724    18.42892680    19.88123279    19.88409525    23.14714576    23.15647214
    2.77972     -8.58570139    -8.58330143    -3.60165015    -3.57268538     2.14908990     2.16358138     9.55922623     9.57208994    11.77914444    11.78221557    14.02204933    14.02494675    16.16748320    16.17865686    18.86122194    18.86869474    20.23519355    20.23815249    22.80938187    22.81227760
    2.84086     -8.63015093    -8.62684633    -3.31470380    -3.27208148     1.49489862     1.52143545    10.81869902    10.82858707    11.86443423    11.86903492    13.94010009    13.94321832    14.80313996    14.81257407    19.56738497    19.57409429    20.65536819    20.65947696    21.98707324    21.99030923
    2.90201     -8.64664531    -8.64298402    -3.19270602    -3.14346517     1.24935002     1.28191772    11.33146050    11.33310285    12.16136707    12.16785276    13.79040271    13.79543612    14.11010398    14.11052087    20.07550798    20.07772124    20.85072669    20.85771320    21.48619024    21.48621767
