 Total Energy   -7.88417777460515     
 Harris Energy  -7.88417777028724     
 Ion-Ion                      -8.38738504342830     
 Local Potential              -3.88597187681739     
 Ion Local Potential          -2.43395008807926     
 Hartree Energy               0.552501460129560     
 Exchange-Correlation Energy  -2.40788297990319     
 Exchange Energy              -2.10546398552095     
 Correlation Energy          -0.302418994382238     
 Sum of eigenvalues           7.946773329951290E-002
 Fermi energy                 0.252768964937358     
 Eigenvalues
   k     n          esp(n,k,s)    esp_err   occ(n,k,s)  
   1     1  -0.202496804225707  0.23270E-08  0.62500E-01
   1     2  -0.025576478400442 -0.10596E-07  0.62500E-01
   1     3   0.169044262396128  0.16222E-08  0.62500E-01
   1     4   0.169044266594882  0.10803E-08  0.62500E-01
   1     5   0.301268246357770  0.40168E-08   0.0000    
   1     6   0.370397310418863  0.51256E-08   0.0000    
   1     7   0.370397314114075  0.34253E-08   0.0000    
   1     8   0.538670424563323 -0.30115E-03   0.0000    
   2     1  -0.152160649692092  0.39049E-08  0.62500E-01
   2     2  -0.054076768973833 -0.11533E-07  0.62500E-01
   2     3   0.054555072055986  0.34077E-08  0.62500E-01
   2     4   0.137374534103825  0.85792E-09  0.62500E-01
   2     5   0.307116377554123  0.34951E-08   0.0000    
   2     6   0.445969131305748 -0.49925E-05   0.0000    
   2     7   0.450265076541202 -0.11042E-05   0.0000    
   2     8   0.508501557470845 -0.29951E-03   0.0000    
   3     1  -0.137261810554877 -0.18256E-08  0.62500E-01
   3     2  -0.061725901640104  0.20191E-08  0.62500E-01
   3     3   0.077175186785356 -0.50540E-08  0.62500E-01
   3     4   0.105011014331164  0.12295E-08  0.62500E-01
   3     5   0.269581491745067  0.49721E-08   0.0000    
   3     6   0.310303304320102 -0.24330E-08   0.0000    
   3     7   0.559112397315870 -0.99954E-05   0.0000    
   3     8   0.561413441614565 -0.13722E-04   0.0000    
   4     1  -0.198580380944179  0.60372E-09  0.62500E-01
   4     2   0.015934427940583 -0.79347E-08  0.62500E-01
   4     3   0.108381784063560  0.35364E-08  0.62500E-01
   4     4   0.124545870749494  0.58274E-09  0.62500E-01
   4     5   0.286922685584228  0.20042E-08   0.0000    
   4     6   0.347014206858620 -0.13979E-08   0.0000    
   4     7   0.469187572702763  0.10083E-08   0.0000    
   4     8   0.480630926839893 -0.64319E-09   0.0000    
   5     1  -0.152160649210751  0.47771E-08  0.62500E-01
   5     2  -0.054076769616588 -0.12924E-07  0.62500E-01
   5     3   0.054555070784298  0.98006E-09  0.62500E-01
   5     4   0.137374535728084  0.35185E-08  0.62500E-01
   5     5   0.307116378467358  0.78265E-08   0.0000    
   5     6   0.445992752280750 -0.11285E-04   0.0000    
   5     7   0.450299755786919 -0.23405E-04   0.0000    
   5     8   0.509709105373413 -0.71683E-03   0.0000    
   6     1  -0.152160648599095  0.40910E-08  0.62500E-01
   6     2  -0.054076770773976 -0.11953E-07  0.62500E-01
   6     3   0.054555070178805  0.26824E-08  0.62500E-01
   6     4   0.137374537007381  0.18937E-08  0.62500E-01
   6     5   0.307116383136902 -0.18436E-09   0.0000    
   6     6   0.446060922585466 -0.43194E-04   0.0000    
   6     7   0.450302897246488 -0.33379E-04   0.0000    
   6     8   0.524637915275736 -0.23992E-02   0.0000    
   7     1  -0.129952430659763 -0.17800E-08  0.62500E-01
   7     2  -0.066050856490397  0.10724E-08  0.62500E-01
   7     3   0.051848401655250 -0.12136E-08  0.62500E-01
   7     4   0.096449846823782 -0.28995E-09  0.62500E-01
   7     5   0.326713261877860 -0.33618E-08   0.0000    
   7     6   0.400316402908016 -0.27343E-07   0.0000    
   7     7   0.441524807402703 -0.11532E-06   0.0000    
   7     8   0.526313705697573 -0.10775E-03   0.0000    
   8     1  -0.129952432126202 -0.24118E-11  0.62500E-01
   8     2  -0.066050853662092 -0.22637E-08  0.62500E-01
   8     3   0.051848400058445  0.19418E-09  0.62500E-01
   8     4   0.096449846757701  0.18116E-10  0.62500E-01
   8     5   0.326713280140698 -0.28580E-07   0.0000    
   8     6   0.400316464999843 -0.13561E-06   0.0000    
   8     7   0.441529055808683 -0.32579E-05   0.0000    
   8     8   0.529395718993829 -0.61837E-03   0.0000    
   9     1  -0.137261810085215 -0.95838E-09  0.62500E-01
   9     2  -0.061725902441599  0.43502E-09  0.62500E-01
   9     3   0.077175185587019 -0.61607E-08  0.62500E-01
   9     4   0.105011015710375  0.33338E-08  0.62500E-01
   9     5   0.269581492707925  0.77277E-08   0.0000    
   9     6   0.310303303363868 -0.55916E-08   0.0000    
   9     7   0.559107391782206 -0.26523E-05   0.0000    
   9     8   0.561425400139424 -0.24369E-04   0.0000    
  10     1  -0.129952430942357 -0.23637E-08  0.62500E-01
  10     2  -0.066050856317204  0.15965E-08  0.62500E-01
  10     3   0.051848403439669  0.17100E-08  0.62500E-01
  10     4   0.096449844743940 -0.25568E-08  0.62500E-01
  10     5   0.326713260916644 -0.71011E-08   0.0000    
  10     6   0.400316390778944 -0.16827E-07   0.0000    
  10     7   0.441525664220084 -0.85806E-06   0.0000    
  10     8   0.527566307211623 -0.42969E-03   0.0000    
  11     1  -0.172911367292781 -0.29642E-08  0.62500E-01
  11     2  -0.058743242730793  0.54646E-08  0.62500E-01
  11     3   0.124862911335676 -0.85980E-08  0.62500E-01
  11     4   0.150647317782765  0.35054E-08  0.62500E-01
  11     5   0.320837499866498  0.49394E-08   0.0000    
  11     6   0.371422122647582 -0.60303E-08   0.0000    
  11     7   0.395246100490886 -0.25273E-07   0.0000    
  11     8   0.522258056660582 -0.20265E-04   0.0000    
  12     1  -0.181190423305240 -0.16632E-08  0.62500E-01
  12     2  -0.021415966803139  0.28464E-08  0.62500E-01
  12     3   0.082362935672907  0.26105E-08  0.62500E-01
  12     4   0.138042508433913 -0.64163E-08  0.62500E-01
  12     5   0.346224798555156 -0.60275E-08   0.0000    
  12     6   0.372731451125790 -0.77273E-08   0.0000    
  12     7   0.430604195398079 -0.24472E-07   0.0000    
  12     8   0.466922205726975 -0.50186E-07   0.0000    
  13     1  -0.198580381044264  0.45798E-09  0.62500E-01
  13     2   0.015934428728480 -0.64735E-08  0.62500E-01
  13     3   0.108381781510558 -0.25977E-09  0.62500E-01
  13     4   0.124545872182149  0.31916E-08  0.62500E-01
  13     5   0.286922686352965  0.44352E-08   0.0000    
  13     6   0.347014206393811 -0.37746E-08   0.0000    
  13     7   0.469187573629724 -0.30491E-08   0.0000    
  13     8   0.480631001454353 -0.77990E-07   0.0000    
  14     1  -0.129952433647326 -0.27826E-08  0.62500E-01
  14     2  -0.066050851281207  0.25337E-08  0.62500E-01
  14     3   0.051848400925716  0.13399E-08  0.62500E-01
  14     4   0.096449844681290 -0.26169E-08  0.62500E-01
  14     5   0.326713261903611 -0.88797E-08   0.0000    
  14     6   0.400316544380968 -0.16380E-06   0.0000    
  14     7   0.441529578513639 -0.29031E-05   0.0000    
  14     8   0.546985838960596 -0.26464E-02   0.0000    
  15     1  -0.181190423592367 -0.21600E-08  0.62500E-01
  15     2  -0.021415965880708  0.47299E-08  0.62500E-01
  15     3   0.082362935996036  0.27362E-08  0.62500E-01
  15     4   0.138042507233789 -0.81961E-08  0.62500E-01
  15     5   0.346224800231170 -0.22055E-08   0.0000    
  15     6   0.372731447881040 -0.97488E-08   0.0000    
  15     7   0.430604179392925 -0.15683E-07   0.0000    
  15     8   0.466922361931357 -0.21919E-06   0.0000    
  16     1  -0.220702093785847 -0.31645E-09  0.62500E-01
  16     2   0.028504546166807  0.12457E-09  0.62500E-01
  16     3   0.123817329926579 -0.57373E-08  0.62500E-01
  16     4   0.182195271023703  0.38301E-08  0.62500E-01
  16     5   0.341767485770666  0.48392E-09   0.0000    
  16     6   0.379625306493578 -0.27932E-07   0.0000    
  16     7   0.384035788026985 -0.50703E-07   0.0000    
  16     8   0.480291615306224 -0.10669E-03   0.0000    
  17     1  -0.137261809381482 -0.18292E-08  0.62500E-01
  17     2  -0.061725903625360  0.16097E-08  0.62500E-01
  17     3   0.077175185632780 -0.52006E-08  0.62500E-01
  17     4   0.105011016611403  0.19970E-08  0.62500E-01
  17     5   0.269581493565974  0.51744E-08   0.0000    
  17     6   0.310303301720618 -0.30099E-08   0.0000    
  17     7   0.559105851408889 -0.77417E-06   0.0000    
  17     8   0.561394467903684 -0.35308E-05   0.0000    
  18     1  -0.129952432885177 -0.13952E-09  0.62500E-01
  18     2  -0.066050852795417 -0.23091E-08  0.62500E-01
  18     3   0.051848403137168  0.70347E-09  0.62500E-01
  18     4   0.096449843962175 -0.52568E-09  0.62500E-01
  18     5   0.326713259240295 -0.46033E-08   0.0000    
  18     6   0.400316688995676 -0.33813E-06   0.0000    
  18     7   0.441527664022178 -0.21707E-05   0.0000    
  18     8   0.526809166501247 -0.20419E-03   0.0000    
  19     1  -0.172911368839517 -0.10089E-08  0.62500E-01
  19     2  -0.058743239045365  0.77571E-09  0.62500E-01
  19     3   0.124862911025745 -0.85441E-08  0.62500E-01
  19     4   0.150647316378142  0.50648E-08  0.62500E-01
  19     5   0.320837498540127  0.75168E-08   0.0000    
  19     6   0.371422120717250 -0.27896E-08   0.0000    
  19     7   0.395246087374105 -0.75598E-08   0.0000    
  19     8   0.522244132167142 -0.10257E-04   0.0000    
  20     1  -0.181190423754274 -0.11052E-08  0.62500E-01
  20     2  -0.021415964736550  0.19967E-09  0.62500E-01
  20     3   0.082362934018272  0.44826E-08  0.62500E-01
  20     4   0.138042509139978 -0.70971E-08  0.62500E-01
  20     5   0.346224796183917 -0.28150E-08   0.0000    
  20     6   0.372731448679019 -0.41036E-08   0.0000    
  20     7   0.430604175434093 -0.12601E-08   0.0000    
  20     8   0.466922242397184 -0.90511E-07   0.0000    
  21     1  -0.129952434084141 -0.23609E-08  0.62500E-01
  21     2  -0.066050850637148  0.19958E-08  0.62500E-01
  21     3   0.051848402186365 -0.10294E-08  0.62500E-01
  21     4   0.096449843841532 -0.74025E-09  0.62500E-01
  21     5   0.326713259098699 -0.39426E-08   0.0000    
  21     6   0.400316398357824 -0.26120E-07   0.0000    
  21     7   0.441524815805457 -0.14374E-06   0.0000    
  21     8   0.527124685398417 -0.45596E-03   0.0000    
  22     1  -0.198580381098861  0.50239E-09  0.62500E-01
  22     2   0.015934429657042 -0.77099E-08  0.62500E-01
  22     3   0.108381779572930  0.25282E-08  0.62500E-01
  22     4   0.124545873188117  0.17019E-08  0.62500E-01
  22     5   0.286922688122905  0.18790E-08   0.0000    
  22     6   0.347014204558866 -0.18369E-08   0.0000    
  22     7   0.469187585144341 -0.21399E-07   0.0000    
  22     8   0.480630924793629  0.19051E-08   0.0000    
  23     1  -0.220702094136234  0.11647E-09  0.62500E-01
  23     2   0.028504548894065 -0.31865E-08  0.62500E-01
  23     3   0.123817329488383 -0.55929E-08  0.62500E-01
  23     4   0.182195269019753  0.57812E-08  0.62500E-01
  23     5   0.341767484961075 -0.34087E-09   0.0000    
  23     6   0.379625376637642 -0.11332E-06   0.0000    
  23     7   0.384035887782225 -0.17962E-06   0.0000    
  23     8   0.481718545679769 -0.84155E-04   0.0000    
  24     1  -0.181190424422414 -0.11405E-08  0.62500E-01
  24     2  -0.021415962333742  0.55850E-09  0.62500E-01
  24     3   0.082362933968944  0.42370E-08  0.62500E-01
  24     4   0.138042506921102 -0.73042E-08  0.62500E-01
  24     5   0.346224800233985 -0.17734E-08   0.0000    
  24     6   0.372731444808728 -0.53268E-08   0.0000    
  24     7   0.430604269740035 -0.96807E-07   0.0000    
  24     8   0.466922417644534 -0.31556E-06   0.0000    
  25     1  -0.172911370180493 -0.33417E-08  0.62500E-01
  25     2  -0.058743236238887  0.65497E-08  0.62500E-01
  25     3   0.124862910841023 -0.87363E-08  0.62500E-01
  25     4   0.150647314889168  0.27637E-08  0.62500E-01
  25     5   0.320837498079462  0.40178E-08   0.0000    
  25     6   0.371422121459272 -0.60360E-08   0.0000    
  25     7   0.395246085600381 -0.81189E-08   0.0000    
  25     8   0.525360327383802 -0.97627E-03   0.0000    
  26     1  -0.220702094499262 -0.44468E-09  0.62500E-01
  26     2   0.028504551047025  0.14658E-08  0.62500E-01
  26     3   0.123817328857802 -0.60938E-08  0.62500E-01
  26     4   0.182195267369803  0.25294E-08  0.62500E-01
  26     5   0.341767482692222  0.11588E-08   0.0000    
  26     6   0.379625273554204 -0.19629E-07   0.0000    
  26     7   0.384035816716828 -0.53116E-07   0.0000    
  26     8   0.480038508386968 -0.23595E-04   0.0000    
  27     1  -0.263325093732751  0.52731E-10  0.62500E-01
  27     2   0.152914436184771 -0.10882E-07  0.62500E-01
  27     3   0.201585742325182  0.34655E-08  0.62500E-01
  27     4   0.201585747206368  0.23189E-08  0.62500E-01
  27     5   0.333698795691200  0.49761E-08   0.0000    
  27     6   0.351885610665396 -0.30196E-09   0.0000    
  27     7   0.351885613474023 -0.12883E-08   0.0000    
  27     8   0.418195317580053 -0.34803E-06   0.0000    
  28     1  -0.241462738704100 -0.52927E-09  0.62500E-01
  28     2   0.086068049632842  0.57254E-08  0.62500E-01
  28     3   0.161159380828123  0.15904E-08  0.62500E-01
  28     4   0.166773445346580 -0.12320E-07  0.62500E-01
  28     5   0.318051499583137  0.17761E-08   0.0000    
  28     6   0.380716647050817 -0.91038E-07   0.0000    
  28     7   0.409382816004975 -0.25687E-07   0.0000    
  28     8   0.419035154748612 -0.22994E-06   0.0000    
  29     1  -0.181190424462618 -0.23571E-08  0.62500E-01
  29     2  -0.021415962285953  0.55081E-08  0.62500E-01
  29     3   0.082362933191940  0.21056E-08  0.62500E-01
  29     4   0.138042507717902 -0.81253E-08  0.62500E-01
  29     5   0.346224797234048 -0.34569E-08   0.0000    
  29     6   0.372731447273945 -0.82220E-08   0.0000    
  29     7   0.430604183026391 -0.13456E-07   0.0000    
  29     8   0.466922461741869 -0.49835E-06   0.0000    
  30     1  -0.181190424868063 -0.18758E-08  0.62500E-01
  30     2  -0.021415960674817  0.38540E-08  0.62500E-01
  30     3   0.082362932628076  0.19553E-08  0.62500E-01
  30     4   0.138042506829434 -0.67473E-08  0.62500E-01
  30     5   0.346224798887447 -0.52221E-08   0.0000    
  30     6   0.372731445876109 -0.59950E-08   0.0000    
  30     7   0.430604235511533 -0.72820E-07   0.0000    
  30     8   0.466922187605051 -0.70032E-07   0.0000    
  31     1  -0.241462738600675 -0.36144E-09  0.62500E-01
  31     2   0.086068048047018  0.19992E-08  0.62500E-01
  31     3   0.161159382169771  0.45551E-08  0.62500E-01
  31     4   0.166773445489717 -0.11500E-07  0.62500E-01
  31     5   0.318051499290239  0.40915E-08   0.0000    
  31     6   0.380716617182237 -0.56706E-08   0.0000    
  31     7   0.409382813716075 -0.13761E-07   0.0000    
  31     8   0.419035044274729 -0.15326E-06   0.0000    
  32     1  -0.241462738466772 -0.52792E-09  0.62500E-01
  32     2   0.086068045564227  0.48440E-08  0.62500E-01
  32     3   0.161159383658776  0.28239E-08  0.62500E-01
  32     4   0.166773446436888 -0.12108E-07  0.62500E-01
  32     5   0.318051499703451  0.25816E-08   0.0000    
  32     6   0.380716616429356 -0.46523E-08   0.0000    
  32     7   0.409382809070848 -0.15697E-07   0.0000    
  32     8   0.419035083819902 -0.11709E-06   0.0000    
